1.000000000 0.000000000 0.000000000 0.000000000 0.000000000 1.000000000 0.000000000 0.000000000 0.000000000 0.000000000 1.000000000 0.000000000
0.999999523 -0.000932836 -0.000346845 0.021163329 0.000932949 0.999999523 0.000326002 -0.009046531 0.000346541 -0.000326325 0.999999881 0.087438025
0.999998331 0.001747668 0.000533030 -0.195396066 -0.001747828 0.999998450 0.000298883 -0.221347183 -0.000532507 -0.000299814 0.999999821 0.872569919
0.999999642 -0.000738471 0.000429216 -0.369169384 0.000738262 0.999999523 0.000486975 -0.267620087 -0.000429575 -0.000486658 0.999999702 1.140301108
0.999998689 -0.001525530 0.000543484 -0.547422945 0.001524433 0.999996781 0.002013672 -0.398229063 -0.000546554 -0.002012841 0.999997854 1.535834193
0.999997735 -0.001935067 0.000884809 -0.714499772 0.001933052 0.999995530 0.002272346 -0.501795888 -0.000889202 -0.002270631 0.999997079 1.929837227
0.999986172 -0.005239206 0.000275206 -0.972064614 0.005237654 0.999971807 0.005368906 -0.651707828 -0.000303327 -0.005367390 0.999985516 2.512836218
0.999968588 -0.007925106 0.000094778 -1.223397970 0.007924443 0.999952555 0.005665698 -0.789493680 -0.000139674 -0.005664770 0.999983966 3.231870174
0.999984920 -0.005433754 0.000783228 -1.505607367 0.005430114 0.999974787 0.004576622 -1.007947087 -0.000808077 -0.004572301 0.999989271 4.297841549
0.999985337 -0.005256880 0.001322280 -1.727065802 0.005248712 0.999967575 0.006106153 -1.164916873 -0.001354337 -0.006099125 0.999980450 5.059350491
0.999988854 -0.004419581 0.001675032 -1.996167541 0.004408148 0.999967337 0.006769285 -1.377681136 -0.001704895 -0.006761825 0.999975681 6.018815041
0.999970436 -0.007565581 0.001323021 -2.173300743 0.007555082 0.999941289 0.007768885 -1.488970160 -0.001381719 -0.007758659 0.999968886 6.593659878
0.999944925 -0.010465177 0.000779735 -2.334113121 0.010459064 0.999917388 0.007469682 -1.578094363 -0.000857842 -0.007461115 0.999971747 7.033267975
0.999949515 -0.009773439 -0.002311680 -2.702938080 0.009788663 0.999929845 0.006668942 -1.845815301 0.002246339 -0.006691233 0.999975085 8.348458290
0.999884367 -0.011954463 -0.009395464 -3.077503443 0.012028960 0.999896348 0.007912960 -2.084798574 0.009299894 -0.008025062 0.999924541 9.541432381
0.999803603 -0.008108780 -0.018082947 -3.493334293 0.008178932 0.999959290 0.003808940 -2.366465569 0.018051330 -0.003956091 0.999829233 10.842328072
0.999533832 -0.006178864 -0.029903632 -3.969320536 0.006163883 0.999980748 -0.000593175 -2.653701305 0.029906726 0.000408576 0.999552548 12.186161995
0.999065459 0.001037974 -0.043209508 -4.517639160 -0.001156943 0.999995589 -0.002728408 -2.978214264 0.043206491 0.002775849 0.999062300 13.694925308
0.998177052 -0.000618093 -0.060353011 -5.138831615 0.000867730 0.999991179 0.004110165 -3.321034193 0.060349945 -0.004155042 0.998168647 15.333827972
0.997112572 0.003846764 -0.075839147 -5.816322327 -0.003546441 0.999985337 0.004094270 -3.642788410 0.075853780 -0.003813489 0.997111678 16.959014893
0.995724857 0.007868122 -0.092033118 -6.549074173 -0.007747731 0.999968588 0.001665356 -3.967884541 0.092043310 -0.000945189 0.995754540 18.627796173
0.993795574 0.009185527 -0.110842146 -7.382538795 -0.008777130 0.999952793 0.004171881 -4.365811825 0.110875234 -0.003173120 0.993829250 20.442777634
0.991263390 0.010232950 -0.131499946 -8.251241684 -0.009746337 0.999943018 0.004343600 -4.780212402 0.131536886 -0.003024009 0.991306663 22.250030518
0.988424599 0.016938834 -0.150764346 -9.245922089 -0.016865917 0.999856174 0.001762435 -5.186497211 0.150772542 0.000800744 0.988568187 24.186122894
0.984729946 0.018048313 -0.173150927 -10.309600830 -0.017965071 0.999836564 0.002048026 -5.611948967 0.173159614 0.001093916 0.984893203 26.184823990
0.979742527 0.023241138 -0.198907763 -11.511954308 -0.023154819 0.999728084 0.002760367 -6.095633507 0.198917806 0.001901225 0.980014324 28.559928894
0.973339140 0.020838123 -0.228422195 -12.896188736 -0.020482384 0.999782503 0.003928151 -6.589770317 0.228454396 0.000855209 0.973554254 31.048076630
0.965714216 0.023184687 -0.258570045 -14.456207275 -0.022395676 0.999731123 0.005996946 -7.130271912 0.258639485 -0.000000485 0.965973914 33.536991119
0.956367314 0.023063747 -0.291255027 -16.108634949 -0.020836269 0.999725103 0.010747548 -7.683688164 0.291422814 -0.004209936 0.956585050 35.919105530
0.945330203 0.021789866 -0.325386226 -18.001424789 -0.017994644 0.999730468 0.014669081 -8.296832085 0.325618207 -0.008011916 0.945467412 38.470237732
0.933599114 0.022459036 -0.357615083 -20.172348022 -0.017556865 0.999702156 0.016949173 -8.946727753 0.357889265 -0.009545135 0.933715284 41.143077850
0.920863628 0.026594711 -0.388976574 -22.697092056 -0.021364719 0.999613881 0.017765721 -9.673753738 0.389298767 -0.008049428 0.921076357 44.128322601
0.908255935 0.032773942 -0.417129308 -25.540472031 -0.027888034 0.999452472 0.017803878 -10.432489395 0.417484522 -0.004537561 0.908672690 47.315071106
0.896596074 0.034899864 -0.441471964 -28.289892197 -0.028049637 0.999363601 0.022036435 -11.183713913 0.441960096 -0.007374656 0.897004426 50.117977142
0.884095132 0.019842228 -0.466885358 -31.587638855 -0.004811459 0.999431670 0.033364005 -12.174454689 0.467282087 -0.027250556 0.883688211 53.582839966
0.874487400 0.013077918 -0.484871924 -34.938251495 0.006369672 0.999240637 0.038439389 -12.913422585 0.485006452 -0.036703244 0.873740017 56.830513000
0.867444932 0.002893066 -0.497524738 -38.730163574 0.021460677 0.998834848 0.043225277 -13.650829315 0.497070134 -0.048172764 0.866372168 60.153686523
0.865673661 0.000435683 -0.500608504 -42.643722534 0.022347029 0.998969138 0.039512843 -14.203701973 0.500109673 -0.045392342 0.864771545 63.378921509
0.864278913 -0.003813797 -0.502998292 -46.410568237 0.029463129 0.998638213 0.043053344 -15.049114227 0.502149105 -0.052030005 0.863214433 66.370178223
0.862867713 -0.008388162 -0.505360186 -49.069026947 0.037035774 0.998223662 0.046667136 -15.653113365 0.504071057 -0.058983970 0.861645699 68.473075867
0.861765206 -0.011761655 -0.507170856 -51.977493286 0.042452950 0.997896552 0.048992481 -16.319437027 0.505527854 -0.063750923 0.860451818 70.800460815
0.860280156 -0.017177772 -0.509532094 -54.793869019 0.049910564 0.997469187 0.050640140 -16.921489716 0.507372618 -0.068995751 0.858960211 73.032691956
0.859241068 -0.018957244 -0.511219442 -57.580677032 0.052892275 0.997249603 0.051919192 -17.540470123 0.508829117 -0.071650669 0.857880414 75.179534912
0.858143330 -0.020345008 -0.513006866 -60.197231293 0.055072714 0.997096896 0.052580863 -18.128953934 0.510447800 -0.073374599 0.856772542 77.167945862
0.857092440 -0.021453286 -0.514715731 -63.102947235 0.057833582 0.996823490 0.054755636 -18.769309998 0.511906028 -0.076698497 0.855610609 79.297256470
0.855604470 -0.024838377 -0.517033637 -65.567596436 0.062251415 0.996536076 0.055141978 -19.304304123 0.513872981 -0.079365805 0.854187071 81.167427063
0.853957534 -0.027282726 -0.519626915 -67.766822815 0.066356391 0.996181011 0.056746487 -19.731538773 0.516094327 -0.082939655 0.852506638 82.860214233
0.852611542 -0.030337878 -0.521663845 -70.043235779 0.071273632 0.995734990 0.058582217 -20.149831772 0.517661691 -0.087128766 0.851137459 84.595428467
0.852863610 -0.029875947 -0.521278262 -71.476356506 0.070211045 0.995856345 0.057796918 -20.446296692 0.517391622 -0.085892394 0.851427197 85.832504272
0.852290511 -0.033408612 -0.522000670 -73.039901733 0.075357586 0.995389760 0.059333179 -20.783271790 0.517611921 -0.089905836 0.850878894 87.239227295
0.852099597 -0.034629058 -0.522232652 -74.824401855 0.077161632 0.995217025 0.059908111 -21.158119202 0.517660320 -0.091344014 0.850696266 88.863311768
0.852407932 -0.035296421 -0.521684587 -76.089729309 0.077682130 0.995195389 0.059595473 -21.391365051 0.517074525 -0.091325231 0.851054370 89.904380798
0.852968514 -0.034890428 -0.520794988 -77.455986023 0.077444442 0.995179415 0.060168449 -21.658500671 0.516185164 -0.091654472 0.851558805 91.030090332
0.852477849 -0.036268156 -0.521503747 -78.813621521 0.080319941 0.994832218 0.062109318 -21.945398331 0.516556144 -0.094833955 0.850985467 92.246681213
0.852168262 -0.036520600 -0.521991849 -80.177680969 0.081321374 0.994684219 0.063167736 -22.229324341 0.516910136 -0.096278645 0.850608230 93.473060608
0.851931036 -0.036835641 -0.522356808 -81.715095520 0.081847839 0.994629443 0.063349240 -22.577251434 0.517217934 -0.096722960 0.850370646 94.902770996
0.851319551 -0.039517578 -0.523157120 -83.125122070 0.085386142 0.994300544 0.063840352 -22.896633148 0.517652631 -0.099018924 0.849841774 96.157058716
0.850648701 -0.042217534 -0.524036646 -84.542137146 0.089651830 0.993819416 0.065464139 -23.219684601 0.518034101 -0.102667838 0.849176049 97.454872131
0.849909365 -0.046092574 -0.524909079 -85.866073608 0.095891669 0.993062079 0.068062149 -23.520051956 0.518130124 -0.108181067 0.848432720 98.648071289
0.849831700 -0.047117148 -0.524943829 -87.203491211 0.097028740 0.992958963 0.067955270 -23.809593201 0.518045843 -0.108685188 0.848419666 99.887199402
0.850272179 -0.046026357 -0.524327099 -88.683990479 0.095794767 0.993063927 0.068172157 -24.139366150 0.517552555 -0.108192667 0.848783731 101.248641968
0.849734664 -0.047287930 -0.525085568 -90.115905762 0.097495578 0.992885530 0.068358138 -24.453765869 0.518117428 -0.109279811 0.848299623 102.641891479
0.850045204 -0.046458114 -0.524656832 -91.579086304 0.096766815 0.992922246 0.068858095 -24.770675659 0.517744482 -0.109301858 0.848524451 103.994033813
0.850494623 -0.044920329 -0.524062037 -92.870597839 0.094487466 0.993186474 0.068211071 -25.050765991 0.517427266 -0.107530460 0.848944187 105.204460144
0.850581348 -0.045025021 -0.523912191 -94.032974243 0.094376713 0.993220687 0.067864999 -25.305885315 0.517304897 -0.107169822 0.849064469 106.300132751
0.850773335 -0.044511713 -0.523644328 -95.159172058 0.093607657 0.993308067 0.067651004 -25.556632996 0.517128825 -0.106572799 0.849246681 107.352523804
0.850893199 -0.044817157 -0.523423553 -96.194915771 0.093910106 0.993282080 0.067615241 -25.772382736 0.516876817 -0.106688105 0.849385619 108.319900513
0.851205587 -0.044520888 -0.522940636 -97.088569641 0.093173854 0.993386984 0.067089148 -25.970304489 0.516495466 -0.105831057 0.849724770 109.158935547
0.851493835 -0.044219308 -0.522496760 -97.867141724 0.092087813 0.993562222 0.065986224 -26.137699127 0.516215086 -0.104302466 0.850084066 109.887023926
0.851737916 -0.043977350 -0.522119284 -98.554458618 0.091535509 0.993636727 0.065630123 -26.288843155 0.515910625 -0.103692129 0.850343466 110.530555725
