1.000000000 0.000000000 0.000000000 0.000000000 0.000000000 1.000000000 0.000000000 0.000000000 0.000000000 0.000000000 1.000000000 0.000000000
0.999999523 -0.000932836 -0.000346845 0.021163329 0.000932949 0.999999523 0.000326002 -0.009046531 0.000346541 -0.000326325 0.999999881 0.087438025
0.999998331 0.001747668 0.000533030 -0.195396066 -0.001747828 0.999998450 0.000298883 -0.221347183 -0.000532507 -0.000299814 0.999999821 0.872569919
0.999998450 -0.001702251 0.000285441 -0.466415018 0.001702050 0.999998271 0.000701923 -0.345890969 -0.000286635 -0.000701436 0.999999702 1.381558895
0.999996960 -0.002405096 0.000357979 -0.639312983 0.002404268 0.999994397 0.002294624 -0.475790322 -0.000363496 -0.002293756 0.999997318 1.768688321
0.999995410 -0.002949978 0.000663701 -0.825712025 0.002948246 0.999992251 0.002595802 -0.590616167 -0.000671353 -0.002593833 0.999996424 2.206347942
0.999984860 -0.005496713 0.000333478 -1.071308970 0.005494782 0.999969482 0.005543224 -0.732999027 -0.000363937 -0.005541306 0.999984503 2.764487743
0.999964416 -0.008438345 0.000116013 -1.294583321 0.008437523 0.999947250 0.005853160 -0.843644321 -0.000165398 -0.005851973 0.999982834 3.355962753
0.999980927 -0.006058320 0.001176050 -1.550574183 0.006052572 0.999970019 0.004832747 -0.973944962 -0.001205294 -0.004825537 0.999987602 4.029510975
0.999974132 -0.007115950 0.001061644 -1.788354278 0.007108637 0.999952018 0.006741109 -1.227808714 -0.001109562 -0.006733387 0.999976695 5.111122608
0.999979436 -0.006269557 0.001328462 -2.032968998 0.006259784 0.999954224 0.007237607 -1.430234194 -0.001373778 -0.007229143 0.999972880 6.102571487
0.999943316 -0.010637364 0.000544230 -2.247050047 0.010632161 0.999904692 0.008807288 -1.593002200 -0.000637864 -0.008801002 0.999961078 6.774627686
0.999923289 -0.012383375 0.000300139 -2.483334303 0.012380477 0.999889314 0.008249249 -1.733398914 -0.000402260 -0.008244901 0.999965906 7.467531204
0.999883533 -0.014838407 -0.003550735 -2.727607965 0.014867372 0.999855220 0.008275461 -1.886367440 0.003427426 -0.008327290 0.999959469 8.196351051
0.999799848 -0.016944280 -0.010629414 -3.014526606 0.017052736 0.999802589 0.010197151 -2.117495775 0.010454534 -0.010376373 0.999891460 9.077315331
0.999708235 -0.014067012 -0.019635098 -3.322510958 0.014199660 0.999877095 0.006632643 -2.306445122 0.019539382 -0.006909519 0.999785304 9.979882240
0.999425411 -0.010985163 -0.032063935 -3.568021297 0.011068120 0.999935865 0.002410844 -2.496951342 0.032035384 -0.002764346 0.999482930 10.774076462
0.998918355 -0.000365491 -0.046497755 -3.856608152 0.000431249 0.999998927 0.001404201 -2.781603813 0.046497189 -0.001422734 0.998917341 11.751557350
0.997908533 0.002417773 -0.064596146 -4.251843929 -0.001749665 0.999944389 0.010397426 -3.147917271 0.064617693 -0.010262659 0.997857332 12.945502281
0.996635616 0.000107084 -0.081959665 -4.589544296 0.001182999 0.999876320 0.015691752 -3.376318455 0.081951201 -0.015735915 0.996512115 13.734656334
0.995007277 -0.000488878 -0.099800482 -5.045517921 0.002229030 0.999847353 0.017325554 -3.629492044 0.099776790 -0.017461505 0.994856596 14.762077332
0.992517233 -0.004787494 -0.122010410 -5.538565159 0.007628361 0.999710321 0.022827337 -3.904161930 0.121865787 -0.023587266 0.992266297 15.932516098
0.989473879 -0.004414486 -0.144644067 -6.072294235 0.007907812 0.999690533 0.023585156 -4.176889896 0.144495189 -0.024480719 0.989202619 17.123064041
0.985983491 0.002280297 -0.166827291 -6.650755882 0.001244477 0.999778271 0.021020692 -4.423945427 0.166838229 -0.020933671 0.985762000 18.382387161
0.981043160 0.001500467 -0.193783507 -7.336495399 0.003186977 0.999709845 0.023875067 -4.767982960 0.193763122 -0.024040053 0.980753720 19.826231003
0.976004720 0.006440176 -0.217653751 -8.197216034 0.000185883 0.999537528 0.030408941 -5.190333843 0.217748940 -0.029719731 0.975552201 21.281688690
0.968840420 0.001858062 -0.247678727 -9.193019867 0.007659486 0.999268830 0.037457909 -5.613688946 0.247567207 -0.038187828 0.968117833 22.947444916
0.961489201 0.002520122 -0.274831235 -10.041843414 0.008129979 0.999259591 0.037605412 -5.808268547 0.274722517 -0.038391571 0.960756779 24.144281387
0.952244043 0.006358678 -0.305271775 -10.982669830 0.005579589 0.999253750 0.038218617 -6.045057297 0.305286944 -0.038096741 0.951498032 25.432022095
0.939713001 0.001935604 -0.341958612 -12.273616791 0.013686385 0.998969972 0.043265130 -6.458562851 0.341690123 -0.045336977 0.938718438 27.220735550
0.925748110 -0.004831525 -0.378110111 -13.756114960 0.024627773 0.998565793 0.047537766 -6.888336182 0.377338260 -0.053319998 0.924539268 29.086164474
0.911698401 -0.007567325 -0.410790414 -15.441981316 0.030679187 0.998292983 0.049698722 -7.350090027 0.409713089 -0.057912968 0.910374224 31.011028290
0.897293329 -0.012644674 -0.441253722 -17.462932587 0.039537486 0.997874260 0.051804505 -7.855885029 0.439660698 -0.063929886 0.895885825 33.180053711
0.884890437 -0.020424126 -0.465351254 -19.448150635 0.052108686 0.997107744 0.055324722 -8.369018555 0.462875426 -0.073205158 0.883395374 35.084796906
0.878322601 -0.015115774 -0.477829278 -21.303359985 0.046210334 0.997504115 0.053386319 -8.818340302 0.475829720 -0.068971075 0.876828969 36.613891602
0.871476352 -0.015941629 -0.490178317 -24.029800415 0.048774775 0.997333765 0.054280121 -9.417258263 0.488006085 -0.071212180 0.869930387 39.192867279
0.868807495 -0.013557092 -0.494964391 -27.132343292 0.045727752 0.997549951 0.052942682 -10.077231407 0.493033916 -0.068630598 0.867298901 41.895294189
0.869223475 -0.010900454 -0.494299293 -30.268123627 0.041756559 0.997803509 0.051424857 -10.742473602 0.492652953 -0.065339930 0.867769420 44.520828247
0.868962407 -0.016033277 -0.494618326 -33.574241638 0.049996562 0.997205555 0.055510793 -11.492952347 0.492346168 -0.072966002 0.867335737 47.355991364
0.868206382 -0.020125318 -0.495794982 -36.601261139 0.056597766 0.996672690 0.058653668 -12.167940140 0.492964894 -0.078984380 0.866456628 50.040946960
0.867286980 -0.021864148 -0.497328162 -40.238975525 0.059698611 0.996393263 0.060303334 -12.990303993 0.494215935 -0.081990100 0.865464151 53.525672913
0.866524220 -0.022575596 -0.498624235 -44.138233185 0.060391415 0.996379554 0.059838161 -13.855996132 0.495468140 -0.081963837 0.864750326 57.319206238
0.865862429 -0.020671045 -0.499854982 -47.906677246 0.057965778 0.996561885 0.059198007 -14.678054810 0.496912748 -0.080231816 0.864083648 60.982280731
0.865189433 -0.017893035 -0.501125813 -51.709293365 0.054084841 0.996863127 0.057783354 -15.503360748 0.498519897 -0.077096865 0.863443136 64.648170471
0.864287198 -0.015039302 -0.502773881 -55.546127319 0.051190153 0.996993065 0.058175083 -16.328281403 0.500387132 -0.076017052 0.862458348 68.317756653
0.863128245 -0.014879734 -0.504765391 -59.225620270 0.050493263 0.997099459 0.056948435 -17.133966446 0.502453864 -0.074641064 0.861376107 71.845298767
0.862139165 -0.012916468 -0.506506801 -62.921382904 0.048453085 0.997195244 0.057043813 -17.923908234 0.504349291 -0.073721513 0.860346973 75.332702637
0.861612856 -0.010093282 -0.507465661 -66.543586731 0.045008436 0.997382998 0.056581132 -18.705913544 0.505566537 -0.071591265 0.859812319 78.764633179
0.861613810 -0.008883786 -0.507486641 -70.208473206 0.042883005 0.997546017 0.055344544 -19.495527267 0.505749583 -0.069448180 0.859880447 82.268173218
0.861825109 -0.009678022 -0.507113218 -73.568367004 0.044137195 0.997456133 0.055973992 -20.247961044 0.505281448 -0.070622340 0.860059977 85.482849121
0.861843765 -0.009927294 -0.507076681 -76.844284058 0.044780325 0.997393072 0.056583602 -20.988344193 0.505193055 -0.071473278 0.860041618 88.669242859
0.861143708 -0.013862327 -0.508172572 -79.553871155 0.050503395 0.997015834 0.058385119 -21.597757339 0.505846739 -0.075942419 0.859274030 91.108383179
0.861973882 -0.011600050 -0.506819904 -81.821792603 0.047765460 0.997148991 0.058414459 -22.091207504 0.504697323 -0.074560232 0.860070646 93.161918640
0.861115873 -0.013324114 -0.508234143 -85.583412170 0.051282000 0.996834457 0.060755078 -22.929283142 0.505815804 -0.078380421 0.859073281 96.836280823
0.860963166 -0.012945214 -0.508502603 -88.313621521 0.051610716 0.996740282 0.062009312 -23.546823502 0.506042302 -0.079631917 0.858824790 99.449531555
0.861657023 -0.010912811 -0.507373571 -91.163200378 0.048403867 0.996978045 0.060759377 -24.123065948 0.505177259 -0.076912604 0.859581470 102.124801636
0.861904025 -0.009241888 -0.506987095 -93.666084290 0.046012431 0.997134447 0.060046695 -24.690498352 0.504979312 -0.075082205 0.859859586 104.526840210
0.861912966 -0.010236657 -0.506952941 -96.009490967 0.047290042 0.997061312 0.060268559 -25.171474457 0.504846215 -0.075920083 0.859864175 106.759773254
0.862213969 -0.010867293 -0.506427646 -98.122962952 0.048422467 0.996959627 0.061047774 -25.568412781 0.504224420 -0.077158719 0.860118687 108.680801392
0.862046182 -0.011210240 -0.506705761 -100.487220764 0.048743002 0.996954918 0.060868867 -26.100996017 0.504480481 -0.077170148 0.859967589 111.055526733
0.862556934 -0.010452420 -0.505852044 -102.733551025 0.047712307 0.997011662 0.060755681 -26.590248108 0.503705382 -0.076540604 0.860478044 113.204208374
0.862211883 -0.011060360 -0.506426990 -104.734191895 0.048583634 0.996958256 0.060941964 -27.008499146 0.504212499 -0.077148966 0.860126615 115.136886597
0.862495661 -0.010089669 -0.505963802 -106.729026794 0.047796324 0.996956110 0.061595630 -27.437843323 0.503802299 -0.077309184 0.860352516 117.042686462
0.862825990 -0.008342368 -0.505432189 -108.582122803 0.045455907 0.997093558 0.061140575 -27.839229584 0.503453135 -0.075728558 0.860697448 118.829391479
0.863035083 -0.008093534 -0.505079091 -110.361228943 0.044738326 0.997167110 0.060466044 -28.217086792 0.503158927 -0.074780717 0.860952318 120.542655945
0.863109827 -0.007950490 -0.504953504 -111.920532227 0.044517815 0.997181416 0.060393054 -28.558071136 0.503050029 -0.074605279 0.861031175 122.062698364
0.863265395 -0.007978518 -0.504687250 -113.413360596 0.044634759 0.997164667 0.060583565 -28.880290985 0.502772927 -0.074826278 0.861173868 123.506523132
0.863509834 -0.007666614 -0.504273832 -114.761581421 0.043748070 0.997254074 0.059751909 -29.178668976 0.502430975 -0.073657371 0.861474097 124.821411133
0.863612592 -0.007858884 -0.504094839 -115.817367554 0.043675371 0.997285664 0.059276637 -29.400360107 0.502260685 -0.073208578 0.861611664 125.840713501
0.863866627 -0.007348435 -0.503667235 -116.862487793 0.042816490 0.997346103 0.058885682 -29.632015228 0.501897752 -0.072434641 0.861888468 126.845634460
