1.000000000 0.000000000 0.000000000 0.000000000 0.000000000 1.000000000 0.000000000 0.000000000 0.000000000 0.000000000 1.000000000 0.000000000
0.999989390 0.000614647 0.004564501 -0.002094324 -0.000615585 0.999999762 0.000204211 -0.010857377 -0.004564375 -0.000207019 0.999989569 0.810703278
0.999945521 0.002562026 0.010118585 -0.009129265 -0.002572912 0.999996126 0.001062950 -0.020832922 -0.010115822 -0.001088926 0.999948263 1.631624460
0.999888778 0.001844872 0.014796308 0.010837279 -0.001848368 0.999998271 0.000222543 -0.026837185 -0.014795873 -0.000249867 0.999890506 2.443622351
0.999801278 0.001456943 0.019888740 0.027092773 -0.001426743 0.999997795 -0.001532577 -0.037344150 -0.019890931 0.001503896 0.999801040 3.266032457
0.999653697 0.000822046 0.026299104 0.045993000 -0.000710759 0.999990702 -0.004240632 -0.046079583 -0.026302347 0.004220472 0.999645114 4.079609394
0.999495029 0.000568634 0.031769861 0.076594919 -0.000389878 0.999984086 -0.005632482 -0.059757378 -0.031772554 0.005617252 0.999479353 4.902429581
0.999288321 -0.001950011 0.037671708 0.108346432 0.002178784 0.999979496 -0.006032710 -0.075434439 -0.037659161 0.006110495 0.999271929 5.730757236
0.999071538 -0.001925574 0.043040603 0.137208655 0.002182148 0.999980152 -0.005915011 -0.091815591 -0.043028347 0.006003440 0.999055862 6.559484959
0.998820662 -0.003486422 0.048429899 0.177149400 0.003826754 0.999968588 -0.006936346 -0.103965417 -0.048404206 0.007113494 0.998802543 7.391724586
0.998562992 -0.004185964 0.053426858 0.221040174 0.004639268 0.999954343 -0.008363371 -0.120673947 -0.053389408 0.008599215 0.998536825 8.221152306
0.998254418 -0.004063310 0.058921132 0.263936460 0.004657353 0.999939740 -0.009948190 -0.143735841 -0.058877151 0.010205242 0.998213112 9.048168182
0.997926474 -0.000408781 0.064364955 0.310997963 0.001214062 0.999921620 -0.012472555 -0.158681273 -0.064354807 0.012524836 0.997848570 9.871978760
0.997577190 -0.000438051 0.069567472 0.369641483 0.001290845 0.999924600 -0.012214034 -0.179027051 -0.069556870 0.012274240 0.997502446 10.709903717
0.997239769 -0.002857002 0.074195564 0.435387075 0.003726883 0.999925911 -0.011588365 -0.198438331 -0.074156970 0.011832894 0.997176349 11.542840004
0.996901691 0.000096959 0.078658246 0.490948081 0.000818955 0.999932230 -0.011611875 -0.221524045 -0.078654036 0.011640313 0.996834099 12.378993034
0.996557593 0.003723859 0.082819790 0.551780105 -0.002651040 0.999911189 -0.013059836 -0.243467167 -0.082861066 0.012795320 0.996479034 13.228079796
0.996291757 0.005472086 0.085864939 0.616793871 -0.004019168 0.999845922 -0.017084738 -0.262535453 -0.085945196 0.016676275 0.996160209 14.031705856
0.996052444 0.002343543 0.088736512 0.686716795 -0.000508988 0.999785900 -0.020691175 -0.280947208 -0.088766009 0.020564329 0.995840192 14.853171349
0.995751917 0.002433297 0.092045002 0.758140564 -0.000226834 0.999712527 -0.023974430 -0.307284206 -0.092076898 0.023851704 0.995466173 15.674565315
0.995485902 0.001216477 0.094900914 0.825483739 0.000818761 0.999770582 -0.021404032 -0.335929483 -0.094905175 0.021385113 0.995256662 16.498485565
0.995365739 -0.001354707 0.096151419 0.901144266 0.003365418 0.999778986 -0.020752840 -0.360953391 -0.096102051 0.020980258 0.995150268 17.327398300
0.995275617 -0.002978886 0.097044885 0.988644183 0.004916152 0.999793291 -0.019729590 -0.392732084 -0.096966058 0.020113463 0.995084405 18.170927048
0.995166302 -0.005889159 0.098027267 1.074288130 0.007909217 0.999764025 -0.020231271 -0.414416254 -0.097884990 0.020908797 0.994978011 19.005422592
0.995093286 -0.008950293 0.098534465 1.153363228 0.010876789 0.999759734 -0.019031709 -0.453985125 -0.098340422 0.020010063 0.994951725 19.839464188
0.995140076 -0.005896754 0.098292165 1.208911896 0.007619701 0.999823749 -0.017162671 -0.482062697 -0.098173633 0.017828219 0.995009601 20.656654358
0.995225012 -0.006629230 0.097382054 1.307413220 0.008414582 0.999803901 -0.017934255 -0.507113397 -0.097244062 0.018668046 0.995085418 21.504888535
0.995240986 -0.007523121 0.097152896 1.382375479 0.009254660 0.999806106 -0.017384518 -0.541685760 -0.097003259 0.018200902 0.995117605 22.336647034
0.995298147 -0.007709310 0.096551202 1.456672668 0.009646450 0.999761105 -0.019612657 -0.552625597 -0.096376911 0.020451814 0.995134711 23.174066544
0.995299697 -0.009943530 0.096330486 1.534109116 0.011790380 0.999757051 -0.018621800 -0.577349067 -0.096121915 0.019670041 0.995175183 24.011943817
0.995309949 -0.010870921 0.096123844 1.603916168 0.012509506 0.999786258 -0.016460430 -0.608483076 -0.095924363 0.017585695 0.995233238 24.836233139
0.995269775 -0.010647132 0.096564263 1.691626072 0.012130385 0.999817133 -0.014786225 -0.629353166 -0.096389160 0.015887644 0.995216906 25.695903778
0.995278835 -0.008611121 0.096673600 1.764015675 0.010030117 0.999848843 -0.014201851 -0.658366263 -0.096536696 0.015104450 0.995214760 26.535945892
0.995207071 -0.007729646 0.097482927 1.836124897 0.009279652 0.999837458 -0.015456928 -0.677936018 -0.097347610 0.016287453 0.995117068 27.381372452
0.995156825 -0.005987634 0.098117448 1.911022425 0.007811143 0.999803662 -0.018211387 -0.700833440 -0.097989120 0.018889595 0.995008171 28.223791122
0.995059669 -0.003584792 0.099213235 1.988349438 0.005818577 0.999735773 -0.022234796 -0.724897444 -0.099107310 0.022702228 0.994817734 29.047605515
0.995021224 0.000346148 0.099662125 2.061567068 0.001848513 0.999757826 -0.021927828 -0.751483977 -0.099645585 0.022002883 0.994779706 29.882362366
0.994977415 0.000878547 0.100095905 2.131799698 0.001299880 0.999763846 -0.021696106 -0.786321580 -0.100091301 0.021717248 0.994741201 30.714946747
0.994965434 -0.004324831 0.100124672 2.231708527 0.006114319 0.999826908 -0.017572634 -0.813862443 -0.100031346 0.018096363 0.994819641 31.574186325
0.994939089 -0.006045314 0.100298569 2.315084934 0.007751295 0.999831617 -0.016628031 -0.828680873 -0.100181207 0.017321317 0.994818330 32.416011810
0.994856834 -0.009794055 0.100815929 2.398191690 0.011423941 0.999812961 -0.015602308 -0.853564680 -0.100644283 0.016673775 0.994782627 33.251892090
0.994738638 -0.012025810 0.101737373 2.478169441 0.013721813 0.999778032 -0.015987013 -0.881094575 -0.101522543 0.017298918 0.994682789 34.092510223
0.994705915 -0.012452831 0.102005221 2.563304424 0.014631811 0.999679863 -0.020641137 -0.907901883 -0.101715542 0.022024382 0.994569600 34.924636841
0.994635820 -0.014116334 0.102470309 2.648685694 0.016573833 0.999594092 -0.023170870 -0.935379028 -0.102101639 0.024744902 0.994466126 35.735248566
0.994501948 -0.014424273 0.103719093 2.738015890 0.016948050 0.999580383 -0.023492824 -0.960326374 -0.103336699 0.025121495 0.994329035 36.576400757
0.994275689 -0.013355830 0.106007546 2.816802025 0.015720135 0.999645233 -0.021498969 -0.990960836 -0.105682813 0.023042349 0.994132876 37.425071716
0.994119942 -0.010183197 0.107804522 2.899406910 0.012415526 0.999721825 -0.020056289 -1.019079924 -0.107570291 0.021276809 0.993969798 38.285587311
0.994000435 -0.006889205 0.109159030 2.987644911 0.009336811 0.999715984 -0.021927141 -1.047442436 -0.108976975 0.022814784 0.993782401 39.090660095
0.993859172 -0.006171018 0.110479370 3.070474148 0.008712913 0.999707937 -0.022539889 -1.068878412 -0.110308014 0.023364078 0.993622780 39.921833038
0.993638575 -0.004979970 0.112506129 3.156598330 0.007428588 0.999744296 -0.021355579 -1.093747139 -0.112370998 0.022055484 0.993421555 40.757438660
0.993419588 -0.005301572 0.114408612 3.252657413 0.007366835 0.999817312 -0.017636400 -1.122462630 -0.114294201 0.018363174 0.993277192 41.602409363
0.993162036 -0.005168510 0.116629064 3.342805862 0.007223982 0.999825776 -0.017208198 -1.151839137 -0.116519801 0.017933058 0.993026435 42.439586639
0.993004680 -0.004781025 0.117977917 3.438076019 0.007104148 0.999788940 -0.019278508 -1.176596761 -0.117860839 0.019981777 0.992829025 43.279350281
0.992808759 -0.004889113 0.119611286 3.535048962 0.007557838 0.999732316 -0.021868208 -1.198625326 -0.119472347 0.022614952 0.992579937 44.114299774
0.992594123 -0.006973818 0.121277228 3.639471054 0.009830806 0.999687791 -0.022975134 -1.231184602 -0.121079117 0.023997234 0.992352664 44.957466125
0.992303789 -0.006405246 0.123661116 3.733508587 0.009245604 0.999706089 -0.022408705 -1.256968379 -0.123481236 0.023379566 0.992071450 45.802295685
0.992002189 -0.005866081 0.126083940 3.838497639 0.008869065 0.999689937 -0.023269190 -1.284123302 -0.125908345 0.024201334 0.991746604 46.649890900
0.991728663 -0.003453986 0.128305957 3.936385155 0.006485558 0.999709427 -0.023217414 -1.313810349 -0.128188476 0.023857508 0.991462827 47.492187500
0.991302192 -0.003945681 0.131545514 4.047246933 0.007194126 0.999680519 -0.024228374 -1.342762589 -0.131407887 0.024963992 0.991014004 48.338741302
0.990947366 -0.003308563 0.134210348 4.152969360 0.006880003 0.999634206 -0.026155712 -1.369334698 -0.134074733 0.026842300 0.990607560 49.181701660
0.990477741 -0.003376642 0.137631565 4.272353172 0.007210881 0.999599338 -0.027369654 -1.402995586 -0.137484014 0.028101476 0.990105271 50.034114838
0.990165472 -0.000367949 0.139900595 4.375061035 0.004086443 0.999645889 -0.026293209 -1.443226337 -0.139841408 0.026606321 0.989816308 50.870346069
0.989714444 -0.001591134 0.143048495 4.509257317 0.005303920 0.999658823 -0.025577160 -1.464453578 -0.142959014 0.026072796 0.989385128 51.738826752
0.989256799 -0.000536590 0.146186978 4.624826431 0.004214235 0.999682486 -0.024848603 -1.508744001 -0.146127209 0.025197713 0.988944829 52.579010010
0.988702595 0.001298276 0.149884537 4.750494480 0.002814450 0.999625444 -0.027223915 -1.538015246 -0.149863750 0.027338201 0.988328576 53.429664612
0.988107026 0.003000676 0.153737828 4.869391441 0.001611842 0.999552548 -0.029869080 -1.572602272 -0.153758660 0.029761648 0.987660110 54.267978668
0.987561822 0.000514022 0.157230124 5.000122547 0.004279242 0.999536455 -0.030145625 -1.599056005 -0.157172740 0.030443493 0.987101734 55.106182098
0.986995876 -0.003223918 0.160713166 5.143584251 0.007968223 0.999550998 -0.028884577 -1.639248371 -0.160547927 0.029789556 0.986578345 55.954666138
0.986338913 -0.003553250 0.164690569 5.269210815 0.008014641 0.999618471 -0.026432954 -1.678033590 -0.164533809 0.027391786 0.985991001 56.794937134
0.985772371 -0.005808251 0.167986274 5.419856548 0.010661365 0.999550998 -0.028002476 -1.707451701 -0.167748258 0.029395029 0.985391557 57.639308929
0.985274911 -0.005421319 0.170891836 5.570757866 0.010335368 0.999557912 -0.027878780 -1.741820216 -0.170665160 0.029234493 0.984895349 58.488456726
0.984564662 -0.004436036 0.174964651 5.708049297 0.009484178 0.999562323 -0.028026776 -1.774432063 -0.174763724 0.029253576 0.984175861 59.324783325
0.983942151 -0.002417771 0.178470820 5.854420185 0.007484302 0.999587715 -0.027720757 -1.807603240 -0.178330228 0.028611355 0.983554661 60.169071198
0.983288944 -0.002070848 0.182040647 6.002213955 0.007214319 0.999593079 -0.027596872 -1.844841719 -0.181909442 0.028448995 0.982903659 60.993289948
0.982604921 -0.001717308 0.185700357 6.154239178 0.007169713 0.999562502 -0.028693745 -1.875026345 -0.185569853 0.029526033 0.982187390 61.826225281
0.981938958 -0.002067389 0.189186811 6.313792706 0.007692060 0.999549866 -0.029001359 -1.909855127 -0.189041689 0.029932799 0.981512785 62.659900665
0.981443107 -0.001261460 0.191749454 6.472726822 0.006704452 0.999592721 -0.027739797 -1.946561337 -0.191636354 0.028510612 0.981051803 63.500343323
0.980971277 -0.001581254 0.194146723 6.643755436 0.006339710 0.999694526 -0.023890704 -1.977412820 -0.194049612 0.024666928 0.980681539 64.338241577
0.980319142 -0.004076124 0.197377279 6.801206589 0.008605802 0.999718726 -0.022097038 -2.011834860 -0.197231710 0.023360737 0.980078518 65.167213440
0.979724824 -0.003458525 0.200318128 6.969636917 0.008461564 0.999673128 -0.024124673 -2.043530226 -0.200169250 0.025330549 0.979433835 65.991470337
0.979082704 -0.003352364 0.203435451 7.134640217 0.009295210 0.999557257 -0.028263988 -2.072100639 -0.203250661 0.029563757 0.978680313 66.808692932
0.978563905 -0.002751059 0.205925107 7.299866199 0.009526887 0.999445021 -0.031920038 -2.105165482 -0.205723017 0.033197612 0.978047013 67.617103577
0.977921128 -0.002828008 0.208955601 7.469377995 0.009695228 0.999445677 -0.031847566 -2.135572195 -0.208749726 0.033170268 0.977406442 68.440200806
0.977260113 -0.004869923 0.211988151 7.647835255 0.011622594 0.999463558 -0.030619565 -2.175826550 -0.211725339 0.032387130 0.976792395 69.256088257
0.976602435 -0.008934441 0.214867055 7.833547115 0.015438996 0.999471366 -0.028613251 -2.216390610 -0.214497805 0.031261098 0.976224065 70.076492310
0.976066947 -0.005521712 0.217400327 8.010984421 0.012178017 0.999496758 -0.029289855 -2.247771502 -0.217129216 0.031236356 0.975643039 70.878929138
0.975346506 -0.002177458 0.220668286 8.180892944 0.008778161 0.999542832 -0.028936131 -2.280591488 -0.220504373 0.030159818 0.974919617 71.688217163
0.974854469 -0.003833358 0.222809717 8.370880127 0.011150477 0.999438703 -0.031591456 -2.312782764 -0.222563520 0.033281509 0.974350035 72.497383118
0.974252343 -0.003982921 0.225425273 8.549570084 0.011844558 0.999367356 -0.033533007 -2.349923611 -0.225149110 0.035339668 0.973683238 73.292396545
0.973500371 -0.004561482 0.228640005 8.730895996 0.012873905 0.999308646 -0.034877647 -2.388755322 -0.228322849 0.036896888 0.972886086 74.082511902
0.973029494 -0.004725790 0.230632588 8.920309067 0.012920381 0.999337137 -0.034033593 -2.423066616 -0.230318889 0.036095537 0.972445607 74.888130188
0.972500026 -0.005497066 0.232837960 9.115156174 0.013188419 0.999417067 -0.031489171 -2.467663050 -0.232529104 0.033693980 0.972005665 75.686515808
0.971948862 -0.007106007 0.235085204 9.304735184 0.014869619 0.999400437 -0.031268492 -2.502695084 -0.234722063 0.033886999 0.971471727 76.479446411
0.971454144 -0.007694379 0.237102807 9.501831055 0.015739622 0.999362111 -0.032057196 -2.537075520 -0.236704901 0.034874000 0.970955551 77.276466370
0.970818341 -0.006664730 0.239723772 9.693580627 0.014939329 0.999353051 -0.032716632 -2.575045586 -0.239350617 0.035343219 0.970289767 78.066299438
0.970176041 -0.006623387 0.242310986 9.895872116 0.014910056 0.999364376 -0.032380711 -2.608106613 -0.241942510 0.035027876 0.969658136 78.874740601
0.969724357 -0.004607613 0.244158477 10.096030235 0.012566303 0.999438882 -0.031048777 -2.647890568 -0.243878454 0.033176936 0.969238162 79.667358398
0.968906105 -0.002431594 0.247417286 10.284906387 0.010685173 0.999430060 -0.032021690 -2.685582399 -0.247198462 0.033669706 0.968379796 80.469696045
0.968003035 -0.004969580 0.250889391 10.495781898 0.013619863 0.999370635 -0.032753944 -2.721173525 -0.250568748 0.035122991 0.967461348 81.264961243
0.967123628 -0.007110669 0.254207402 10.707571983 0.016555086 0.999249041 -0.035032373 -2.758831024 -0.253767401 0.038089052 0.966515005 82.062187195
0.966322243 -0.006709550 0.257247716 10.920663834 0.016598601 0.999203384 -0.036289517 -2.796833754 -0.256799281 0.039337318 0.965663791 82.852157593
0.965453565 -0.008413170 0.260439515 11.124969482 0.018578714 0.999157488 -0.036595084 -2.830246925 -0.259912193 0.040169477 0.964796364 83.634956360
0.964723051 -0.006010323 0.263198227 11.345692635 0.016034137 0.999224782 -0.035953272 -2.868988037 -0.262778044 0.038905099 0.964071572 84.420272827
0.963719130 -0.004889760 0.266873807 11.558645248 0.014730075 0.999282777 -0.034883164 -2.913726568 -0.266511798 0.037548635 0.963100016 85.202941895
0.962585866 -0.007520628 0.270872325 11.778778076 0.017408997 0.999266088 -0.034121417 -2.951799870 -0.270416886 0.037560407 0.962010264 85.982498169
0.961508572 -0.005875559 0.274712086 11.995530128 0.015785433 0.999301314 -0.033876821 -2.988857985 -0.274321109 0.036909297 0.960929453 86.762001038
0.960181355 -0.003228518 0.279358715 12.213806152 0.012446322 0.999434710 -0.031228790 -3.023634434 -0.279100001 0.033462286 0.959678829 87.526130676
0.959012032 -0.001773489 0.283359706 12.433632851 0.010575947 0.999507725 -0.029537881 -3.054880142 -0.283167839 0.031323984 0.958558679 88.297927856
0.957809150 -0.006190239 0.287338376 12.668445587 0.014732910 0.999511003 -0.027577598 -3.096807003 -0.287027180 0.030647412 0.957432091 89.060005188
0.956458092 -0.007023539 0.291785538 12.904253006 0.016582530 0.999403417 -0.030300144 -3.128987074 -0.291398644 0.033819363 0.956003726 89.820983887
0.955105662 -0.005016193 0.296222866 13.145654678 0.015337963 0.999353111 -0.032530997 -3.163194418 -0.295868039 0.035613995 0.954564691 90.588012695
0.953846991 -0.003250316 0.300275028 13.387757301 0.013879440 0.999349952 -0.033271708 -3.184573889 -0.299971610 0.035903778 0.953272343 91.354934692
0.952583849 -0.005028594 0.304234594 13.622395515 0.014726854 0.999453604 -0.029591367 -3.237325668 -0.303919554 0.032668676 0.952137411 92.103561401
0.951252460 -0.004798012 0.308376044 13.869945526 0.013981182 0.999521971 -0.027576456 -3.270847797 -0.308096260 0.030543633 0.950864732 92.865997314
0.949696183 -0.004463520 0.313140601 14.120028496 0.014074584 0.999496460 -0.028438687 -3.301809549 -0.312855989 0.031415440 0.949280977 93.631896973
0.948329985 -0.005387475 0.317239970 14.369481087 0.015926136 0.999403715 -0.030636027 -3.338656664 -0.316885769 0.034105469 0.947850287 94.365020752
0.946844995 -0.007045161 0.321613014 14.626817703 0.018543094 0.999293149 -0.032701600 -3.369294405 -0.321155280 0.036927044 0.946306288 95.112449646
0.945218801 -0.009226223 0.326307327 14.875520706 0.020598806 0.999294162 -0.031414155 -3.406707525 -0.325787187 0.036414787 0.944741488 95.849525452
0.943753719 -0.009430574 0.330515087 15.141021729 0.020058708 0.999384999 -0.028760279 -3.430388212 -0.330040574 0.033772320 0.943362415 96.588722229
0.942160428 -0.008986647 0.335041940 15.399478912 0.018604832 0.999501348 -0.025508959 -3.468164921 -0.334645629 0.030266933 0.941857874 97.322608948
0.940101981 -0.006110420 0.340838999 15.647113800 0.016276294 0.999503672 -0.026974574 -3.497133255 -0.340505004 0.030906448 0.939734519 98.056358337
0.938169777 -0.008405796 0.346073598 15.924026489 0.020286364 0.999322057 -0.030721651 -3.528431416 -0.345580786 0.035842698 0.937704206 98.789825439
0.936495125 -0.005446344 0.350638121 16.201349258 0.018645128 0.999238431 -0.034277156 -3.564457893 -0.350184441 0.038638074 0.935883522 99.510910034
0.934516490 -0.001281700 0.355917633 16.463644028 0.014686214 0.999280751 -0.034962401 -3.594535112 -0.355616778 0.037900019 0.933863044 100.236236572
0.932936132 0.000694236 0.360041231 16.736862183 0.012069985 0.999375701 -0.033202671 -3.631577969 -0.359839559 0.035321653 0.932345331 100.960983276
0.931428552 -0.004232135 0.363899589 17.029850006 0.016230823 0.999420404 -0.029920805 -3.664710999 -0.363562137 0.033775475 0.930957496 101.684310913
0.929558635 -0.006094122 0.368623942 17.315551758 0.017784465 0.999440551 -0.028324220 -3.695903540 -0.368245155 0.032884803 0.929147005 102.407508850
0.927892864 -0.004186266 0.372823387 17.601350784 0.015707450 0.999488175 -0.027870324 -3.731153965 -0.372515887 0.031716783 0.927483737 103.123870850
0.925908327 -0.002805811 0.377737820 17.873161316 0.014754264 0.999477923 -0.028741498 -3.764321804 -0.377459973 0.032185230 0.925466418 103.840957642
0.924905956 -0.003030102 0.380183995 18.178785324 0.015444899 0.999442220 -0.029608464 -3.793121338 -0.379882216 0.033256952 0.924436867 104.538589478
0.923631251 -0.001550070 0.383279383 18.470458984 0.013609253 0.999493837 -0.028753553 -3.825257540 -0.383040845 0.031773821 0.923184812 105.244537354
0.922154903 -0.002182350 0.386814833 18.767358780 0.013838905 0.999529958 -0.027352331 -3.854164362 -0.386573404 0.030576173 0.921751738 105.955276489
0.920780182 -0.000418618 0.390081823 19.053256989 0.012569964 0.999511838 -0.028598515 -3.886941195 -0.389879435 0.031236254 0.920336008 106.656196594
0.919060171 -0.000653101 0.394116700 19.349407196 0.012608199 0.999535501 -0.027745329 -3.919501781 -0.393915534 0.030468727 0.918641508 107.348358154
0.917751908 0.000954651 0.397153109 19.640178680 0.012111998 0.999464691 -0.030391173 -3.950697184 -0.396969527 0.032701872 0.917248964 108.037391663
0.916638553 0.003564056 0.399701327 19.937602997 0.009953968 0.999446630 -0.031739373 -3.983332157 -0.399593353 0.033072151 0.916095793 108.735549927
0.915313721 0.003942262 0.402722418 20.239767075 0.010171508 0.999406874 -0.032901179 -4.017637730 -0.402613252 0.034211196 0.914730668 109.421340942
0.914460659 0.001624160 0.404671699 20.545547485 0.012418678 0.999408305 -0.032074369 -4.045886993 -0.404484391 0.034356233 0.913899422 110.103599548
0.913051426 0.003398398 0.407830179 20.840810776 0.010271342 0.999456525 -0.031323854 -4.081617832 -0.407715052 0.032789253 0.912520289 110.791290283
0.912310600 0.005120667 0.409466982 21.134658813 0.007650482 0.999534190 -0.029545471 -4.112435341 -0.409427613 0.030087266 0.911846399 111.470108032
0.912290871 0.006855592 0.409485549 21.441656113 0.006054707 0.999524832 -0.030223267 -4.149323463 -0.409498185 0.030051721 0.911815822 112.148094177
0.911465168 0.006758813 0.411322057 21.736848831 0.006286113 0.999519467 -0.030353678 -4.180347443 -0.411329597 0.030251931 0.910984576 112.819366455
0.911253452 0.006982914 0.411786765 22.037065506 0.006096428 0.999517977 -0.030440349 -4.210026264 -0.411800951 0.030249307 0.910771608 113.490806580
0.911601961 0.005526504 0.411036998 22.342771530 0.007278026 0.999535859 -0.029580310 -4.240549564 -0.411009669 0.029957009 0.911138654 114.163261414
0.912432790 0.007225027 0.409162879 22.636688232 0.006059268 0.999495983 -0.031161338 -4.272210121 -0.409181833 0.030911846 0.911929071 114.831161499
0.913217485 0.007667266 0.407400340 22.932901382 0.005991867 0.999462187 -0.032241054 -4.304540157 -0.407428503 0.031884182 0.912680387 115.505294800
0.914154649 0.002571215 0.405357569 23.235181808 0.011932205 0.999375880 -0.033248406 -4.334300518 -0.405190021 0.035230994 0.913553417 116.178291321
0.914503515 -0.001451054 0.404575348 23.534868240 0.015931847 0.999347091 -0.032428138 -4.364902496 -0.404264122 0.036101282 0.913929582 116.845817566
0.914402127 0.002841609 0.404797137 23.824998856 0.011265578 0.999409378 -0.032463662 -4.397683144 -0.404650271 0.034245118 0.913830161 117.524993896
0.914623082 0.004119679 0.404286653 24.114534378 0.010056435 0.999406874 -0.032934759 -4.436519623 -0.404182613 0.034188569 0.914039195 118.202323914
0.915044308 0.004017317 0.403333217 24.416145325 0.010962369 0.999333382 -0.034824036 -4.470591545 -0.403204232 0.036287032 0.914390326 118.876396179
0.915119708 0.005224486 0.403148383 24.703102112 0.010312466 0.999285579 -0.036358561 -4.502793312 -0.403050363 0.037429888 0.914412081 119.553390503
0.914801836 0.005380444 0.403867215 24.998394012 0.009961907 0.999306440 -0.035877839 -4.535610676 -0.403780133 0.036844399 0.914113820 120.228576660
0.915119290 0.004643914 0.403156459 25.294542313 0.009878392 0.999375105 -0.033934519 -4.566142082 -0.403062135 0.035036672 0.914501667 120.903732300
0.914942026 0.005493935 0.403547943 25.593536377 0.007898400 0.999471962 -0.031514499 -4.599194527 -0.403508008 0.032021325 0.914415658 121.596359253
0.914832592 0.001742166 0.403829545 25.890810013 0.011173005 0.999498606 -0.029623188 -4.632841110 -0.403678745 0.031612247 0.914354444 122.251914978
0.914826512 -0.001991649 0.403842121 26.183597565 0.013858321 0.999553680 -0.026463805 -4.666521072 -0.403609216 0.029806364 0.914445817 122.915885925
0.914365113 -0.003682675 0.404873908 26.472461700 0.015605922 0.999536097 -0.026152685 -4.696487427 -0.404589832 0.030231534 0.913998425 123.580924988
0.914204419 -0.002696161 0.405244499 26.761438370 0.015281025 0.999495983 -0.027823150 -4.727732658 -0.404965252 0.031628594 0.913784921 124.232254028
0.913637340 -0.000585593 0.406529903 27.051939011 0.015105634 0.999357283 -0.032508925 -4.762988567 -0.406249613 0.035842266 0.913058937 124.888290405
0.913170457 -0.002029059 0.407572865 27.345775604 0.017507205 0.999260008 -0.034250323 -4.790036201 -0.407201767 0.038411845 0.912530184 125.535240173
0.912730217 -0.001237000 0.408560961 27.640193939 0.016629668 0.999279261 -0.034125365 -4.826809883 -0.408224344 0.037941486 0.912092924 126.192070007
0.911533833 0.001070573 0.411223680 27.917951584 0.012978379 0.999423563 -0.031370245 -4.849522591 -0.411020249 0.033932060 0.910994470 126.845932007
0.910461605 0.005224190 0.413560688 28.213472366 0.007665928 0.999535322 -0.029503031 -4.892057419 -0.413522720 0.030031702 0.909998417 127.502334595
0.909311414 0.002706756 0.416107565 28.510063171 0.010258744 0.999529123 -0.028920103 -4.927910805 -0.415989965 0.030566117 0.908855379 128.147079468
0.907968402 0.003751957 0.419021934 28.800548553 0.011869251 0.999328375 -0.034667253 -4.954835892 -0.418870687 0.036450244 0.907314003 128.789871216
0.906277478 0.006458146 0.422634065 29.094167709 0.011033436 0.999181151 -0.038927794 -4.989148617 -0.422539473 0.039942488 0.905463994 129.435989380
0.904921174 0.011678307 0.425418913 29.391197205 0.006544693 0.999123335 -0.041348644 -5.021511555 -0.425528944 0.040201504 0.904051363 130.079284668
0.904080153 0.009966182 0.427246749 29.697288513 0.008078652 0.999150813 -0.040401638 -5.053411007 -0.427286625 0.039977901 0.903231859 130.724060059
0.903029263 0.008412899 0.429496706 29.999340057 0.008524282 0.999260426 -0.037495866 -5.090901852 -0.429494500 0.037521016 0.902289689 131.370773315
0.901854515 0.005452078 0.432005465 30.312213898 0.011229147 0.999286771 -0.036053348 -5.128381729 -0.431893915 0.037365932 0.901150048 132.017639160
0.900910974 0.004557764 0.433979988 30.622348785 0.012968025 0.999215722 -0.037414692 -5.163318157 -0.433810145 0.039335169 0.900145352 132.664459229
0.900107980 0.001929217 0.435662419 30.942644119 0.015904259 0.999178171 -0.037283871 -5.193817616 -0.435376257 0.040488414 0.899337590 133.311859131
0.899425566 0.003455345 0.437060207 31.255290985 0.014391256 0.999192536 -0.037515242 -5.228152275 -0.436836869 0.040032018 0.898649573 133.960113525
0.898891330 0.001109895 0.438170105 31.574069977 0.017362818 0.999121189 -0.038150035 -5.267976761 -0.437827408 0.041900605 0.898082018 134.609146118
0.898572445 0.000486426 0.438824922 31.893791199 0.019982902 0.998916686 -0.042025831 -5.300791264 -0.438370019 0.046532251 0.897589147 135.257385254
0.898144245 -0.001449095 0.439698517 32.214080811 0.024010152 0.998664200 -0.045752760 -5.339649200 -0.439044863 0.051649809 0.896979272 135.898132324
0.897280335 0.000887223 0.441460311 32.533981323 0.022057589 0.998658895 -0.046839722 -5.377061844 -0.440909743 0.051765915 0.896057367 136.557403564
0.896649957 0.001872190 0.442736238 32.853904724 0.020203996 0.998776257 -0.045141585 -5.420931339 -0.442278922 0.049421247 0.895514786 137.221603394
0.896020830 0.004155731 0.443992525 33.174880981 0.017276261 0.998872638 -0.044214573 -5.464934826 -0.443675667 0.047287710 0.894938946 137.886383057
0.895551622 0.005284805 0.444926113 33.504524231 0.016904565 0.998803496 -0.045889411 -5.509699821 -0.444636166 0.048617616 0.894390762 138.551315308
0.895159662 0.006297314 0.445701003 33.835884094 0.017012764 0.998688996 -0.048279453 -5.548863888 -0.445420742 0.050800420 0.893878996 139.218154907
0.894727886 0.006360170 0.446566433 34.169647217 0.017689737 0.998609245 -0.049665254 -5.588327885 -0.446261197 0.052336525 0.893371165 139.890136719
0.894404233 0.005096509 0.447230339 34.506828308 0.018481610 0.998659849 -0.048341326 -5.633399487 -0.446877420 0.051502228 0.893111408 140.563735962
0.894191980 0.004957463 0.447656214 34.841880798 0.018212453 0.998708069 -0.047439288 -5.678553581 -0.447313040 0.050572742 0.892946482 141.240097046
0.893827379 0.004356568 0.448390007 35.182662964 0.018648976 0.998726487 -0.046878804 -5.724123955 -0.448023289 0.050263572 0.892607808 141.925460815
0.893654823 0.005252208 0.448724210 35.526573181 0.017144954 0.998801827 -0.045835700 -5.772523403 -0.448427320 0.048654649 0.892494082 142.613037109
0.893020928 0.004200072 0.449995548 35.870895386 0.017227186 0.998904407 -0.043510899 -5.809660912 -0.449685216 0.046608306 0.891970158 143.307861328
0.892141044 0.004056780 0.451738924 36.214218140 0.016568633 0.998993099 -0.041692790 -5.850175381 -0.451453120 0.044680540 0.891175389 144.002975464
0.891442955 0.004613630 0.453109235 36.572532654 0.016095137 0.998994887 -0.041837357 -5.895142555 -0.452846825 0.044588473 0.890472710 144.706359863
0.890447319 0.006443324 0.455040544 36.924407959 0.014682278 0.998972535 -0.042876393 -5.937087536 -0.454849303 0.044860203 0.889437854 145.416336060
0.889707863 0.009793832 0.456425071 37.277702332 0.012494912 0.998872936 -0.045789815 -5.977855682 -0.456359118 0.046442550 0.888582885 146.114242554
0.888994455 0.010462238 0.457798421 37.641319275 0.012826421 0.998777688 -0.047732953 -6.019797325 -0.457738340 0.048306242 0.887773693 146.821395874
0.888530970 0.011004175 0.458684623 38.002044678 0.012161570 0.998796165 -0.047520369 -6.065994263 -0.458655387 0.047801644 0.887327611 147.530288696
0.887836039 0.010148117 0.460048020 38.373474121 0.011998340 0.998906493 -0.045190018 -6.114816666 -0.460003436 0.045641147 0.886743307 148.248565674
0.887276590 0.010820834 0.461110711 38.731040955 0.010568441 0.998985350 -0.043779042 -6.158142090 -0.461116552 0.043717343 0.886262000 148.958831787
0.886949480 0.010910584 0.461737573 39.102825165 0.010791632 0.998958528 -0.044334386 -6.208078861 -0.461740345 0.044305272 0.885908008 149.671554565
0.886867881 0.014251104 0.461803228 39.489608765 0.008712707 0.998830557 -0.047555879 -6.245037079 -0.461940914 0.046199344 0.885706604 150.412689209
0.887196779 0.014986013 0.461147815 39.863758087 0.008866321 0.998734117 -0.049513876 -6.290917397 -0.461306006 0.048017245 0.885940790 151.140792847
0.887856007 0.015857831 0.459847987 40.246219635 0.008185523 0.998703301 -0.050244506 -6.332930565 -0.460048527 0.048373990 0.886574924 151.864791870
0.888562381 0.015388836 0.458497614 40.614135742 0.007987597 0.998766661 -0.049002089 -6.393549919 -0.458686262 0.047203705 0.887343645 152.587585449
0.889594555 0.015731491 0.456479937 40.983627319 0.007204375 0.998799086 -0.048461221 -6.437205315 -0.456694156 0.046399489 0.888412952 153.320190430
0.890626550 0.014986636 0.454488575 41.352592468 0.006668087 0.998918891 -0.046006009 -6.489155293 -0.454686701 0.044004742 0.889563739 154.059982300
0.892002523 0.015074686 0.451778919 41.713272095 0.005526216 0.999005437 -0.044245284 -6.535705090 -0.451996654 0.041963536 0.891032040 154.773406982
0.893266201 0.015843868 0.449248463 42.067619324 0.003999257 0.999059021 -0.043186251 -6.580019951 -0.449510008 0.040373497 0.892362416 155.503753662
0.895119429 0.014375260 0.445594579 42.433788300 0.004957780 0.999097407 -0.042190999 -6.628194332 -0.445798874 0.039975151 0.894240081 156.220840454
0.896722376 0.014661795 0.442350507 42.789207458 0.004452385 0.999101758 -0.042141199 -6.669262409 -0.442571104 0.039758474 0.895851493 156.957748413
0.898557961 0.015043735 0.438596755 43.134925842 0.003866020 0.999102175 -0.042189267 -6.711687088 -0.438837647 0.039605130 0.897693098 157.687179565
0.901010394 0.012546087 0.433616132 43.484832764 0.006173154 0.999109626 -0.041735057 -6.754883289 -0.433753729 0.040280499 0.900130630 158.410705566
0.903352380 0.011542900 0.428743720 43.825637817 0.007101679 0.999098241 -0.041861385 -6.794979095 -0.428840339 0.040860388 0.902455747 159.133224487
0.905174375 0.011582531 0.424882561 44.166099548 0.006968263 0.999089897 -0.042081010 -6.841073036 -0.424983233 0.041051347 0.904269874 159.866699219
0.906930387 0.013522014 0.421063334 44.493171692 0.005038504 0.999065161 -0.042936400 -6.886260986 -0.421250254 0.041061860 0.906014442 160.604095459
0.908958733 0.013988317 0.416651428 44.826744080 0.005420665 0.998955846 -0.045363743 -6.929071903 -0.416851014 0.043492306 0.907933772 161.332336426
0.910450697 0.014901614 0.413349062 45.158660889 0.004960627 0.998885512 -0.046937112 -6.972133160 -0.413587838 0.044784397 0.909362137 162.071945190
0.911860168 0.016026946 0.410188198 45.483036041 0.003960012 0.998847604 -0.047830366 -7.018661976 -0.410482138 0.045238957 0.910745800 162.820526123
0.913434446 0.017896771 0.406592309 45.800960541 0.001301554 0.998899102 -0.046892062 -7.065361977 -0.406983912 0.043362025 0.912405550 163.559844971
0.914897859 0.015536610 0.403386444 46.128715515 0.002571465 0.999014497 -0.044309668 -7.110777378 -0.403677434 0.041576114 0.913956285 164.316909790
0.916386247 0.013604454 0.400064021 46.457763672 0.003686214 0.999093115 -0.042418491 -7.158176422 -0.400278270 0.040346444 0.915505111 165.076904297
0.917916536 0.015676267 0.396463931 46.771888733 0.001379914 0.999086976 -0.042698961 -7.201702595 -0.396771371 0.039741170 0.917056799 165.839767456
0.919419527 0.015816201 0.392960042 47.103858948 0.001533888 0.999039114 -0.043799084 -7.246924400 -0.393275231 0.040872484 0.918511868 166.597000122
0.921224356 0.015402746 0.388726830 47.422744751 0.002385108 0.998973489 -0.045235243 -7.292681217 -0.389024585 0.042598959 0.920242012 167.361511230
0.922954321 0.014871810 0.384622008 47.735572815 0.002660542 0.998983026 -0.045011051 -7.333778858 -0.384900272 0.042566445 0.921976149 168.126663208
0.924860895 0.016501497 0.379947245 48.039352417 0.001021879 0.998946786 -0.045872714 -7.377605438 -0.380304068 0.042814139 0.923870027 168.898895264
0.926534593 0.018925549 0.375733048 48.342041016 -0.001734174 0.998938084 -0.046039797 -7.424181461 -0.376205415 0.042005878 0.925583601 169.668731689
0.928422451 0.017452853 0.371116012 48.649017334 -0.000213727 0.998920918 -0.046442613 -7.474016666 -0.371526033 0.043039046 0.927424431 170.443222046
0.930250227 0.017452862 0.366510421 48.946907043 -0.000736504 0.998954892 -0.045699906 -7.519277096 -0.366924971 0.042242408 0.929290950 171.221084595
0.931860566 0.018691903 0.362334996 49.242446899 -0.002954493 0.999029815 -0.043938883 -7.569427490 -0.362804770 0.039874397 0.931011677 172.008056641
0.933407485 0.017133361 0.358408868 49.552211761 -0.002102695 0.999103367 -0.042285029 -7.613901138 -0.358812004 0.038715534 0.932606578 172.781219482
0.935241938 0.017817028 0.353560448 49.838207245 -0.003232834 0.999120891 -0.041797332 -7.658404827 -0.353994399 0.037947617 0.934477329 173.566085815
0.936739802 0.015754662 0.349671811 50.126106262 -0.001468250 0.999154568 -0.041084178 -7.699347973 -0.350023478 0.037971776 0.935970902 174.345687866
0.937797546 0.015728619 0.346826553 50.407066345 -0.001578409 0.999155998 -0.041043926 -7.748530388 -0.347179413 0.037943441 0.937030852 175.131698608
0.939138114 0.016917191 0.343122989 50.692367554 -0.003032098 0.999156058 -0.040963013 -7.791151524 -0.343526423 0.037429549 0.938396871 175.921020508
0.940473318 0.016963005 0.339444250 50.965999603 -0.003034332 0.999133050 -0.041522548 -7.835059643 -0.339854300 0.038020857 0.939709306 176.713455200
0.942137301 0.015855705 0.334852040 51.243438721 -0.002201522 0.999152064 -0.041117027 -7.878096581 -0.335219949 0.038000703 0.941373229 177.511764526
0.944025934 0.014298324 0.329561263 51.533233643 -0.000778444 0.999153793 -0.041119382 -7.929909706 -0.329870373 0.038561214 0.943238318 178.315109253
0.945618153 0.014934918 0.324935764 51.805709839 -0.001231487 0.999102592 -0.042337596 -7.974339008 -0.325276464 0.039635044 0.944787920 179.117248535
0.946742833 0.015570986 0.321614087 52.063030243 -0.001713698 0.999059618 -0.043324936 -8.017066002 -0.321986198 0.040466428 0.945879102 179.933898926
0.948131561 0.017211908 0.317411870 52.333946228 -0.003787525 0.999073744 -0.042861946 -8.065500259 -0.317855656 0.039436568 0.947318614 180.740737915
0.949336231 0.017304011 0.313785493 52.594631195 -0.004156485 0.999086976 -0.042520460 -8.113098145 -0.314234793 0.039061975 0.948541343 181.548660278
0.950715005 0.016880181 0.309606582 52.858638763 -0.004120599 0.999116719 -0.041820012 -8.157406807 -0.310039043 0.038483150 0.949944675 182.371673584
0.952012181 0.016167281 0.305632770 53.121055603 -0.004044409 0.999181151 -0.040256523 -8.206376076 -0.306033432 0.037088595 0.951298058 183.164398193
0.953007758 0.014949521 0.302576780 53.373958588 -0.002927535 0.999189556 -0.040146634 -8.248727798 -0.302931815 0.037374247 0.952279091 183.971191406
0.953673244 0.014932029 0.300473511 53.613586426 -0.002955197 0.999184310 -0.040274937 -8.296207428 -0.300829828 0.037521169 0.952939510 184.786743164
0.954185903 0.015259982 0.298824668 53.866260529 -0.003029186 0.999140084 -0.041350171 -8.341551781 -0.299198806 0.038550552 0.953411639 185.588775635
0.954477251 0.015123971 0.297899663 54.112503052 -0.002852916 0.999130964 -0.041583739 -8.383451462 -0.298269719 0.038840845 0.953691006 186.392501831
0.954581380 0.013168338 0.297659039 54.362861633 -0.000794946 0.999131799 -0.041651908 -8.433805466 -0.297949106 0.039523512 0.953763187 187.202651978
0.954382539 0.013496357 0.298281074 54.617538452 -0.001811814 0.999221265 -0.039414775 -8.488405228 -0.298580796 0.037076347 0.953663886 188.000076294
0.954203546 0.012182477 0.298909634 54.867012024 -0.000679444 0.999256194 -0.038557090 -8.528182030 -0.299157053 0.036588229 0.953502059 188.794204712
0.954057992 0.010067524 0.299452871 55.108821869 0.001133510 0.999306917 -0.037207790 -8.571910858 -0.299619943 0.035837818 0.953385234 189.590774536
0.954059601 0.007012167 0.299534678 55.361873627 0.004234860 0.999310613 -0.036882684 -8.615907669 -0.299586833 0.036456767 0.953372240 190.381317139
0.953970671 0.006329944 0.299832821 55.602012634 0.005109330 0.999289095 -0.037352793 -8.656732559 -0.299856097 0.037165422 0.953260183 191.161376953
0.954066753 0.005448705 0.299544513 55.848903656 0.006298189 0.999248862 -0.038236409 -8.705732346 -0.299527824 0.038366675 0.953315794 191.935821533
0.954141438 0.004812700 0.299317837 56.094375610 0.007112008 0.999224126 -0.038737502 -8.745939255 -0.299272090 0.039089799 0.953366756 192.723800659
0.954133630 0.003722576 0.299357980 56.335479736 0.008206473 0.999221742 -0.038581736 -8.782170296 -0.299268663 0.039268803 0.953360498 193.495742798
0.954144299 0.001930250 0.299340934 56.572330475 0.009471756 0.999283791 -0.036634784 -8.827981949 -0.299197286 0.037790142 0.953442633 194.260116577
0.954065323 0.003097689 0.299582630 56.807220459 0.008026932 0.999323308 -0.035895973 -8.869901657 -0.299491048 0.036651839 0.953394830 195.016128540
0.953808427 0.003069581 0.300399691 57.039188385 0.008544375 0.999266148 -0.037340339 -8.906652451 -0.300293833 0.038182262 0.953082204 195.760711670
0.953754663 0.005083383 0.300543070 57.268100739 0.007317710 0.999167979 -0.040122215 -8.950747490 -0.300496995 0.040466033 0.952923954 196.495239258
0.953605533 0.006134209 0.300996423 57.487766266 0.007011476 0.999068618 -0.042574190 -8.997309685 -0.300977200 0.042709414 0.952674448 197.219421387
0.953303814 0.004516877 0.301979095 57.718837738 0.009376027 0.998963535 -0.044540823 -9.036931992 -0.301867276 0.045292303 0.952273428 197.949279785
0.952976048 0.004231967 0.303015977 57.947299957 0.009524742 0.998990238 -0.043907069 -9.082980156 -0.302895814 0.044728536 0.951973498 198.671264648
0.952666819 0.004677552 0.303980678 58.170719147 0.008976221 0.999012947 -0.043503687 -9.123583794 -0.303884149 0.044173103 0.951684296 199.385940552
0.952128589 0.002345916 0.305688649 58.397480011 0.011094985 0.999046564 -0.042224430 -9.161496162 -0.305496305 0.043594696 0.951194704 200.096343994
0.951530814 0.003956229 0.307527751 58.619007111 0.009306598 0.999089003 -0.041648716 -9.205401421 -0.307412446 0.042492073 0.950627148 200.790344238
0.950766265 0.004264292 0.309879392 58.841876984 0.008951078 0.999110281 -0.041212421 -9.250040054 -0.309779435 0.041957140 0.949882269 201.490768433
0.950063586 0.005359559 0.312010080 59.065029144 0.007902561 0.999118626 -0.041225500 -9.290185928 -0.311956018 0.041632526 0.949183941 202.179290771
0.949318767 0.004567325 0.314281672 59.284984589 0.008255383 0.999187171 -0.039456956 -9.327928543 -0.314206511 0.040051743 0.948509455 202.841766357
