1.000000000 0.000000000 0.000000000 0.000000000 0.000000000 1.000000000 0.000000000 0.000000000 0.000000000 0.000000000 1.000000000 0.000000000
1.000000000 -0.000098033 0.000208161 -0.026220687 0.000097731 0.999998927 0.001453430 -0.016875600 -0.000208304 -0.001453410 0.999998927 1.337340355
0.999998450 -0.001707822 -0.000487932 -0.034984533 0.001708640 0.999997139 0.001680155 -0.046346817 0.000485062 -0.001680986 0.999998450 2.648122549
0.999994874 -0.003148740 -0.000584400 -0.048280738 0.003149204 0.999994755 0.000795030 -0.068830401 0.000581894 -0.000796866 0.999999523 3.983311176
0.999993801 -0.003487880 -0.000339677 -0.069275469 0.003488185 0.999993443 0.000902442 -0.092714958 0.000336527 -0.000903621 0.999999523 5.321646214
0.999992907 -0.003767616 -0.000401479 -0.084497198 0.003768273 0.999991536 0.001646538 -0.113606244 0.000395272 -0.001648040 0.999998569 6.674861908
0.999985278 -0.005416434 -0.000016115 -0.098390669 0.005416458 0.999981225 0.002871596 -0.140944824 0.000000561 -0.002871641 0.999995887 8.015930176
0.999987960 -0.004906218 -0.000186743 -0.119946413 0.004906826 0.999982178 0.003402690 -0.162800789 0.000170046 -0.003403565 0.999994218 9.376374245
0.999990761 -0.004266516 -0.000570193 -0.133493409 0.004267475 0.999989390 0.001688735 -0.188776791 0.000562982 -0.001691153 0.999998331 10.721982002
0.999998391 -0.001687491 -0.000715394 -0.149854138 0.001687133 0.999998450 -0.000501417 -0.211840987 0.000716239 0.000500209 0.999999583 12.086009026
0.999998629 0.001603025 -0.000399955 -0.177796245 -0.001603512 0.999997973 -0.001218986 -0.241362229 0.000398000 0.001219626 0.999999166 13.438697815
0.999991179 0.004184909 -0.000439855 -0.197892278 -0.004185531 0.999990225 -0.001425203 -0.266865671 0.000433886 0.001427031 0.999998868 14.800548553
0.999987125 0.005092708 -0.000122877 -0.223752111 -0.005092749 0.999987006 -0.000332159 -0.297826678 0.000121184 0.000332781 0.999999940 16.166313171
0.999996305 0.002689788 0.000243388 -0.238055348 -0.002690348 0.999993622 0.002332261 -0.320053071 -0.000237114 -0.002332907 0.999997258 17.539712906
0.999998450 -0.001687613 0.000461420 -0.250783712 0.001685595 0.999989152 0.004339666 -0.347755462 -0.000468739 -0.004338881 0.999990463 18.915775299
0.999991834 -0.004038106 -0.000043394 -0.256054193 0.004038176 0.999990284 0.001751501 -0.365820646 0.000036320 -0.001751661 0.999998450 20.303728104
0.999987245 -0.005044908 0.000070355 -0.276381344 0.005044900 0.999987245 0.000105336 -0.393000960 -0.000070886 -0.000104980 0.999999940 21.669954300
0.999996245 -0.002549826 0.000940366 -0.305387408 0.002551421 0.999995291 -0.001699964 -0.411593437 -0.000936027 0.001702357 0.999998093 23.036205292
0.999999046 -0.000031585 0.001375549 -0.313373685 0.000031080 0.999999940 0.000367534 -0.442671210 -0.001375561 -0.000367491 0.999998987 24.425992966
0.999998152 0.000772515 0.001762084 -0.330523729 -0.000779690 0.999991417 0.004074781 -0.467287481 -0.001758921 -0.004076147 0.999990106 25.819766998
0.999995351 -0.002038162 0.002293876 -0.345510960 0.002024458 0.999980211 0.005960834 -0.485054016 -0.002305980 -0.005956163 0.999979615 27.213129044
0.999977112 -0.006472412 0.001981569 -0.351288587 0.006463715 0.999969542 0.004364902 -0.510183990 -0.002009760 -0.004351994 0.999988496 28.610097885
0.999977529 -0.006419184 0.001942525 -0.369127870 0.006415349 0.999977469 0.001973958 -0.526673496 -0.001955153 -0.001961452 0.999996185 29.997011185
0.999972999 -0.006749752 0.002899292 -0.384606302 0.006751526 0.999976993 -0.000602584 -0.552497923 -0.002895159 0.000622142 0.999995530 31.402820587
0.999987602 -0.003442825 0.003587520 -0.404715061 0.003447094 0.999993324 -0.001184538 -0.580508530 -0.003583418 0.001196890 0.999992847 32.802379608
0.999990344 -0.002450514 0.003666894 -0.416390121 0.002463273 0.999990940 -0.003479151 -0.606021643 -0.003658335 0.003488149 0.999987245 34.206607819
0.999990523 -0.001604894 0.004040772 -0.432948232 0.001616136 0.999994814 -0.002780350 -0.633471251 -0.004036289 0.002786855 0.999987960 35.608451843
0.999991059 -0.001462787 0.003992784 -0.450708687 0.001469801 0.999997377 -0.001754112 -0.661370456 -0.003990208 0.001759965 0.999990463 37.017337799
0.999993205 -0.000454996 0.003649006 -0.466232121 0.000454944 0.999999881 0.000015044 -0.691617429 -0.003649012 -0.000013384 0.999993324 38.436172485
0.999990702 0.002273714 0.003659718 -0.487324774 -0.002274473 0.999997437 0.000203091 -0.717183888 -0.003659247 -0.000211413 0.999993265 39.854789734
0.999980509 0.004714746 0.004092285 -0.504132628 -0.004713795 0.999988973 -0.000241626 -0.744796872 -0.004093379 0.000222331 0.999991596 41.283683777
0.999966323 0.007095517 0.004122299 -0.523111582 -0.007096374 0.999974787 0.000193529 -0.767769098 -0.004120822 -0.000222776 0.999991477 42.701255798
0.999962866 0.007793182 0.003676459 -0.533926487 -0.007794746 0.999969482 0.000411423 -0.796370029 -0.003673141 -0.000440065 0.999993145 44.117286682
0.999968767 0.007028725 0.003618555 -0.559446812 -0.007028572 0.999975324 -0.000055382 -0.820472836 -0.003618855 0.000029947 0.999993443 45.566387177
0.999975026 0.006465572 0.002831533 -0.572311401 -0.006464491 0.999979019 -0.000391012 -0.846341908 -0.002834001 0.000372698 0.999995828 46.998855591
0.999982119 0.005681149 0.001824277 -0.584771037 -0.005680786 0.999983847 -0.000203682 -0.873518586 -0.001825404 0.000193315 0.999998271 48.428279877
0.999983549 0.005664857 0.000736377 -0.596909344 -0.005665290 0.999983788 0.000586599 -0.893901587 -0.000733042 -0.000590761 0.999999523 49.877521515
0.999977648 0.006669048 -0.000321725 -0.620707154 -0.006668871 0.999977589 0.000546692 -0.926382840 0.000325364 -0.000544534 0.999999821 51.315330505
0.999978304 0.006462384 -0.001292652 -0.648875594 -0.006460993 0.999978542 0.001077766 -0.950882196 0.001299589 -0.001069391 0.999998569 52.739826202
0.999974012 0.006796832 -0.002398984 -0.671831131 -0.006792584 0.999975324 0.001774325 -0.975512147 0.002410985 -0.001757983 0.999995530 54.194042206
0.999980509 0.005492513 -0.002962727 -0.693984866 -0.005484011 0.999980807 0.002870171 -1.000355840 0.002978435 -0.002853867 0.999991477 55.659519196
0.999986887 0.003510597 -0.003727748 -0.715324759 -0.003499224 0.999989152 0.003053262 -1.025761366 0.003738426 -0.003040178 0.999988377 57.114669800
0.999989986 0.001090164 -0.004341901 -0.732611060 -0.001079330 0.999996305 0.002496630 -1.050225496 0.004344607 -0.002491919 0.999987483 58.564579010
0.999990642 0.000049311 -0.004325583 -0.758193016 -0.000037207 0.999996006 0.002798194 -1.077880144 0.004325704 -0.002798007 0.999986649 60.009017944
0.999991298 -0.000978303 -0.004064672 -0.776485085 0.000991387 0.999994338 0.003218333 -1.098706603 0.004061500 -0.003222335 0.999986470 61.457416534
0.999991298 -0.002350503 -0.003440792 -0.797973335 0.002364804 0.999988496 0.004158138 -1.128763795 0.003430979 -0.004166238 0.999985456 62.917736053
0.999988258 -0.003842708 -0.002939756 -0.821874917 0.003854355 0.999984682 0.003966826 -1.155844450 0.002924468 -0.003978110 0.999987841 64.344238281
0.999981940 -0.005534494 -0.002313210 -0.845083475 0.005541870 0.999979496 0.003194220 -1.179801226 0.002295484 -0.003206982 0.999992251 65.770126343
0.999986053 -0.004921293 -0.001925442 -0.858033895 0.004926878 0.999983668 0.002906442 -1.208216190 0.001911107 -0.002915888 0.999993920 67.199409485
0.999991715 -0.003870087 -0.001267792 -0.875383615 0.003873458 0.999988914 0.002667330 -1.231317401 0.001257455 -0.002672218 0.999995649 68.652168274
0.999999821 -0.000388844 -0.000386520 -0.905629396 0.000390325 0.999992549 0.003839285 -1.257096887 0.000385024 -0.003839436 0.999992490 70.077400208
0.999995351 0.003010369 0.000481797 -0.930700123 -0.003012837 0.999981880 0.005206204 -1.281946540 -0.000466116 -0.005207631 0.999986291 71.498908997
0.999974906 0.006990412 0.001160690 -0.954559267 -0.006996814 0.999959767 0.005607159 -1.305336714 -0.001121447 -0.005615138 0.999983609 72.918853760
0.999932110 0.011462666 0.002055774 -0.982722640 -0.011473406 0.999920189 0.005291379 -1.326188207 -0.001994956 -0.005314607 0.999983907 74.341918945
0.999887526 0.014691459 0.003017490 -1.011180758 -0.014705223 0.999881327 0.004591863 -1.347380638 -0.002949670 -0.004635720 0.999984860 75.757278442
0.999861300 0.016252432 0.003606705 -1.025485992 -0.016268728 0.999857306 0.004534929 -1.371994019 -0.003532486 -0.004592977 0.999983132 77.174919128
0.999859571 0.016319858 0.003794597 -1.045076966 -0.016338348 0.999854445 0.004894192 -1.397783279 -0.003714172 -0.004955502 0.999980748 78.595565796
0.999871612 0.015502372 0.004058712 -1.063326478 -0.015520561 0.999869406 0.004488882 -1.420911312 -0.003988594 -0.004551299 0.999981701 79.994567871
0.999890208 0.014234073 0.004095312 -1.084799767 -0.014249170 0.999891639 0.003681001 -1.444155931 -0.004042473 -0.003738952 0.999984860 81.377014160
0.999901891 0.013474609 0.003832764 -1.097099066 -0.013489118 0.999901831 0.003785104 -1.468025923 -0.003781385 -0.003836432 0.999985516 82.770896912
0.999905169 0.013288112 0.003610227 -1.114281893 -0.013302532 0.999903500 0.003999885 -1.493497729 -0.003556727 -0.004047531 0.999985397 84.165534973
0.999913275 0.012824228 0.003043644 -1.122907162 -0.012834926 0.999911427 0.003521706 -1.517602205 -0.002998212 -0.003560465 0.999989152 85.547546387
0.999915183 0.012759639 0.002586591 -1.149670482 -0.012770106 0.999910116 0.004071929 -1.537274837 -0.002534403 -0.004104615 0.999988377 86.917274475
0.999921083 0.012451484 0.001671740 -1.167255163 -0.012459290 0.999911129 0.004743257 -1.562425137 -0.001612530 -0.004763711 0.999987364 88.308830261
0.999944031 0.010546550 0.000861135 -1.186071157 -0.010551374 0.999927461 0.005804471 -1.589028835 -0.000799855 -0.005813231 0.999982715 89.712455750
0.999965608 0.008289146 -0.000330464 -1.208480000 -0.008286861 0.999945164 0.006401366 -1.611959457 0.000383508 -0.006398408 0.999979436 91.096961975
0.999983013 0.005697228 -0.001205292 -1.223049402 -0.005689087 0.999961615 0.006653235 -1.636971235 0.001243151 -0.006646266 0.999977112 92.463111877
0.999986827 0.004982861 -0.001244756 -1.249645948 -0.004975231 0.999969244 0.006058900 -1.660687566 0.001274908 -0.006052627 0.999980867 93.834594727
0.999992192 0.003730578 -0.001306020 -1.270627499 -0.003723061 0.999976754 0.005711048 -1.682699203 0.001327295 -0.005706142 0.999982834 95.196571350
0.999990880 0.003881901 -0.001743330 -1.289552927 -0.003872798 0.999979019 0.005195157 -1.704403162 0.001763460 -0.005188358 0.999984980 96.584579468
0.999991715 0.003680148 -0.001724502 -1.310352564 -0.003672220 0.999982774 0.004577992 -1.726843357 0.001741320 -0.004571621 0.999988019 97.949996948
0.999988258 0.004670249 -0.001303049 -1.335108638 -0.004664745 0.999980330 0.004196138 -1.757557750 0.001322621 -0.004190010 0.999990284 99.338966370
0.999982774 0.005799185 -0.000846855 -1.362527728 -0.005795393 0.999973595 0.004412494 -1.778454065 0.000872421 -0.004407511 0.999989867 100.701110840
0.999980032 0.006263359 -0.000734090 -1.381430149 -0.006258819 0.999962330 0.006030991 -1.800920963 0.000771837 -0.006026276 0.999981523 102.060607910
0.999970794 0.007629693 -0.000391267 -1.406123757 -0.007626686 0.999945045 0.007186593 -1.823080420 0.000446077 -0.007183398 0.999974072 103.423782349
0.999976158 0.006894530 -0.000360692 -1.422943830 -0.006892273 0.999958694 0.005924799 -1.845198154 0.000401526 -0.005922172 0.999982357 104.780509949
0.999976158 0.006892578 -0.000309110 -1.442154050 -0.006891468 0.999970198 0.003456678 -1.863175750 0.000332926 -0.003454465 0.999993980 106.138816833
0.999982536 0.005881011 -0.000582618 -1.457252502 -0.005879587 0.999979675 0.002415688 -1.890122294 0.000596813 -0.002412220 0.999996901 107.497772217
0.999993682 0.003527037 -0.000458152 -1.476065993 -0.003525361 0.999987185 0.003608971 -1.912484884 0.000470875 -0.003607333 0.999993324 108.858093262
0.999999166 0.001254131 0.000056383 -1.495260000 -0.001254436 0.999982476 0.005774010 -1.936149120 -0.000049141 -0.005774075 0.999983311 110.217910767
0.999999404 -0.000211530 0.001015182 -1.499674320 0.000205264 0.999980927 0.006168085 -1.958467484 -0.001016468 -0.006167874 0.999980390 111.604881287
0.999998212 -0.001066037 0.001532187 -1.509064078 0.001058891 0.999988496 0.004656979 -1.976373196 -0.001537134 -0.004655348 0.999987960 112.947288513
0.999996364 0.000629916 0.002594739 -1.531527758 -0.000636818 0.999996185 0.002660203 -2.007305384 -0.002593054 -0.002661845 0.999993086 114.302909851
0.999987543 0.002885504 0.004058449 -1.552235842 -0.002888008 0.999995589 0.000611145 -2.031764746 -0.004056667 -0.000622858 0.999991596 115.649887085
0.999968112 0.006057345 0.005197552 -1.564512253 -0.006060091 0.999981463 0.000513010 -2.056498051 -0.005194347 -0.000544491 0.999986351 116.994949341
0.999949276 0.007413456 0.006811860 -1.579133511 -0.007428836 0.999969900 0.002235348 -2.079191208 -0.006795084 -0.002285839 0.999974251 118.363616943
0.999942958 0.007478388 0.007620757 -1.584171057 -0.007511554 0.999962330 0.004332632 -2.100829840 -0.007588069 -0.004389629 0.999961555 119.715942383
0.999941230 0.006540133 0.008643351 -1.596354127 -0.006584662 0.999965072 0.005133217 -2.126014709 -0.008609478 -0.005189829 0.999949396 121.073791504
0.999924958 0.007258767 0.009863647 -1.599286437 -0.007303349 0.999963224 0.004491398 -2.146391153 -0.009830682 -0.004563098 0.999941170 122.440467834
0.999901354 0.008647319 0.011063396 -1.608385444 -0.008695908 0.999952674 0.004351309 -2.172852516 -0.011025246 -0.004447085 0.999929309 123.788803101
0.999866068 0.010872724 0.012229560 -1.613998890 -0.010920265 0.999933064 0.003827316 -2.190825939 -0.012187128 -0.003960353 0.999917805 125.146087646
0.999838829 0.011944236 0.013410327 -1.620924473 -0.011983697 0.999924064 0.002866099 -2.214267731 -0.013375076 -0.003026343 0.999905944 126.501953125
0.999810815 0.013179128 0.014306908 -1.624797106 -0.013208172 0.999910891 0.001937637 -2.234611750 -0.014280098 -0.002126239 0.999895751 127.858276367
0.999801457 0.012564478 0.015471991 -1.628430367 -0.012592855 0.999919176 0.001737985 -2.257227182 -0.015448906 -0.001932477 0.999878764 129.216934204
0.999799788 0.011752117 0.016194561 -1.618232727 -0.011801546 0.999925971 0.002960120 -2.283530951 -0.016158575 -0.003150648 0.999864459 130.579559326
0.999801040 0.010241977 0.017117780 -1.616162539 -0.010312123 0.999938786 0.004014509 -2.309414387 -0.017075617 -0.004190232 0.999845386 131.938705444
0.999801815 0.009841004 0.017304871 -1.609836578 -0.009915606 0.999941826 0.004230449 -2.329308987 -0.017262233 -0.004401199 0.999841332 133.307723999
0.999821067 0.007377653 0.017414620 -1.603151083 -0.007455253 0.999962509 0.004395285 -2.352907181 -0.017381541 -0.004524330 0.999838710 134.656417847
0.999827743 0.006257301 0.017470015 -1.604652643 -0.006345996 0.999967217 0.005026256 -2.369822502 -0.017437994 -0.005136255 0.999834776 136.056625366
0.999842227 0.004259660 0.017238980 -1.603772163 -0.004342538 0.999979079 0.004772997 -2.388685703 -0.017218292 -0.004847106 0.999840021 137.433685303
0.999869525 0.003411115 0.015783720 -1.597415447 -0.003487582 0.999982297 0.004819687 -2.412770987 -0.015767001 -0.004874106 0.999863803 138.790313721
0.999888241 0.002324759 0.014763527 -1.594214201 -0.002403431 0.999982953 0.005313290 -2.426798105 -0.014750922 -0.005348179 0.999876916 140.169250488
0.999906957 0.000303126 0.013636748 -1.591215849 -0.000384072 0.999982417 0.005933627 -2.454417706 -0.013634710 -0.005938313 0.999889433 141.514205933
0.999920309 -0.000096520 0.012622200 -1.597365379 0.000022673 0.999982953 0.005850584 -2.472426414 -0.012622548 -0.005849833 0.999903202 142.863449097
0.999934196 0.000142274 0.011469023 -1.598543406 -0.000201616 0.999986589 0.005173098 -2.493196487 -0.011468134 -0.005175069 0.999920845 144.233810425
0.999944806 0.000201970 0.010502702 -1.605668306 -0.000254941 0.999987245 0.005042446 -2.513443708 -0.010501549 -0.005044845 0.999932110 145.591751099
0.999950528 -0.002469549 0.009648033 -1.604580164 0.002445707 0.999993920 0.002482236 -2.536375999 -0.009654105 -0.002458516 0.999950290 146.957260132
0.999931097 -0.007924531 0.008662901 -1.603567839 0.007905630 0.999966383 0.002213637 -2.559818506 -0.008680153 -0.002144998 0.999959946 148.322052002
0.999843955 -0.015744919 0.008006708 -1.605919600 0.015707528 0.999865472 0.004711291 -2.587456942 -0.008079812 -0.004584790 0.999956846 149.689193726
0.999727845 -0.022515692 0.006099087 -1.595845938 0.022479353 0.999729514 0.005962273 -2.602827787 -0.006231683 -0.005823545 0.999963641 151.048706055
0.999644876 -0.026163125 0.005057984 -1.594610214 0.026149239 0.999654174 0.002793161 -2.625174284 -0.005129312 -0.002659906 0.999983311 152.412689209
0.999667346 -0.025111701 0.005868868 -1.606596231 0.025115414 0.999684453 -0.000559485 -2.644991159 -0.005852966 0.000706698 0.999982595 153.772277832
0.999726593 -0.022501130 0.006363473 -1.618925810 0.022514481 0.999744415 -0.002033647 -2.684351206 -0.006316088 0.002176361 0.999977708 155.105987549
0.999715090 -0.022905748 0.006726343 -1.623357415 0.022918604 0.999735713 -0.001840273 -2.718367338 -0.006682412 0.001993906 0.999975741 156.466888428
0.999642193 -0.025589742 0.007784510 -1.635103345 0.025579365 0.999671757 0.001429492 -2.742364883 -0.007818535 -0.001229857 0.999968648 157.824707031
0.999483526 -0.031082077 0.008154958 -1.634279966 0.031050242 0.999509752 0.004001233 -2.764017582 -0.008275327 -0.003745953 0.999958754 159.189407349
0.999359429 -0.034903444 0.007894249 -1.626300097 0.034859270 0.999376178 0.005666354 -2.791277647 -0.008087100 -0.005387537 0.999952734 160.573471069
0.999311447 -0.036237318 0.007968510 -1.626888514 0.036197323 0.999331594 0.005108134 -2.804451466 -0.008148288 -0.004816179 0.999955177 161.937896729
0.999352098 -0.034903839 0.008782242 -1.638129354 0.034850348 0.999373615 0.006170651 -2.831418037 -0.008992122 -0.005860590 0.999942422 163.296493530
0.999466598 -0.031146562 0.009817698 -1.646258950 0.031094626 0.999501824 0.005398585 -2.850821972 -0.009980954 -0.005090428 0.999937236 164.663040161
0.999570847 -0.027280796 0.010670415 -1.649803638 0.027248908 0.999623775 0.003123362 -2.872888088 -0.010751609 -0.002831265 0.999938190 166.023529053
0.999644220 -0.024072556 0.011484374 -1.652888298 0.024049107 0.999708414 0.002175585 -2.889990807 -0.011533396 -0.001898623 0.999931633 167.400939941
0.999683321 -0.022144295 0.011949483 -1.661825895 0.022104988 0.999749780 0.003411987 -2.911798000 -0.012022049 -0.003146764 0.999922752 168.774627686
0.999729872 -0.020206477 0.011477898 -1.661746502 0.020172385 0.999791801 0.003078261 -2.935643673 -0.011537706 -0.002845893 0.999929368 170.154129028
0.999775589 -0.018084958 0.011031359 -1.663563848 0.018080579 0.999836326 0.000496705 -2.955742359 -0.011038537 -0.000297140 0.999939024 171.537246704
0.999842763 -0.014295587 0.010485323 -1.672196388 0.014321247 0.999894619 -0.002376535 -2.980374336 -0.010450247 0.002526325 0.999942183 172.919677734
0.999906123 -0.008928243 0.010389475 -1.682446241 0.008965801 0.999953389 -0.003574312 -3.009695053 -0.010357078 0.003667126 0.999939620 174.303497314
0.999932408 -0.004254387 0.010821276 -1.695821524 0.004281875 0.999987662 -0.002518396 -3.037889004 -0.010810428 0.002564561 0.999938250 175.681961060
0.999935567 -0.001514791 0.011261771 -1.704159737 0.001521568 0.999998689 -0.000593217 -3.065664291 -0.011260856 0.000610314 0.999936402 177.067916870
0.999935806 -0.000469118 0.011322030 -1.711135149 0.000451631 0.999998808 0.001547061 -3.089597702 -0.011322741 -0.001541849 0.999934673 178.456512451
0.999934018 -0.004397735 0.010609380 -1.715344906 0.004368747 0.999986649 0.002753888 -3.118171692 -0.010621347 -0.002707357 0.999939919 179.849411011
0.999940991 -0.005976555 0.009071063 -1.721243143 0.005952511 0.999978662 0.002675476 -3.137705088 -0.009086860 -0.002621322 0.999955297 181.244461060
0.999956489 -0.006051912 0.007099888 -1.727618814 0.006062925 0.999980450 -0.001530692 -3.159885168 -0.007090487 0.001573671 0.999973714 182.662216187
0.999971688 -0.005159310 0.005462058 -1.730894446 0.005189341 0.999971390 -0.005498369 -3.193906307 -0.005433535 0.005526558 0.999969959 184.086486816
0.999988496 0.000016853 0.004799560 -1.749567032 0.000013274 0.999980390 -0.006277027 -3.223946571 -0.004799571 0.006277019 0.999968708 185.512603760
0.999982357 0.003598121 0.004729450 -1.765276432 -0.003572294 0.999978662 -0.005457912 -3.258844376 -0.004748987 0.005440920 0.999973893 186.918701172
0.999970555 0.005646883 0.005194764 -1.785878181 -0.005637194 0.999982357 -0.001877777 -3.292762518 -0.005205276 0.001848438 0.999984741 188.326416016
0.999964714 0.006324451 0.005518620 -1.796839833 -0.006325883 0.999979913 0.000241845 -3.322016478 -0.005516979 -0.000276746 0.999984741 189.729614258
0.999967098 0.005605844 0.005852741 -1.809773684 -0.005612785 0.999983549 0.001170171 -3.345773697 -0.005846085 -0.001202983 0.999982119 191.138488770
0.999975443 0.003971734 0.005775768 -1.818550825 -0.003981223 0.999990702 0.001632381 -3.364754677 -0.005769231 -0.001655336 0.999981999 192.595870972
0.999980211 0.001408062 0.006120405 -1.829336405 -0.001421737 0.999996483 0.002230595 -3.391119003 -0.006117244 -0.002239252 0.999978781 194.037826538
0.999980271 -0.001466241 0.006106387 -1.833983183 0.001453643 0.999996841 0.002067201 -3.411203861 -0.006109399 -0.002058283 0.999979258 195.502471924
0.999968231 -0.004393725 0.006654959 -1.844662786 0.004372245 0.999985218 0.003238743 -3.437909126 -0.006669092 -0.003209543 0.999972582 196.937927246
0.999936581 -0.008982708 0.006797404 -1.848698020 0.008950304 0.999948502 0.004782541 -3.459989548 -0.006840015 -0.004721399 0.999965429 198.377471924
0.999905586 -0.011596878 0.007371960 -1.846567750 0.011561453 0.999921441 0.004829821 -3.485089779 -0.007427393 -0.004744135 0.999961078 199.841323853
0.999927998 -0.009050817 0.007879159 -1.859520197 0.009048639 0.999958873 0.000312294 -3.503933668 -0.007881664 -0.000240976 0.999968886 201.292861938
0.999959469 -0.001779343 0.008825408 -1.889360905 0.001820573 0.999987483 -0.004665922 -3.532461643 -0.008816997 0.004681800 0.999950111 202.725402832
0.999920785 0.007642011 0.009998968 -1.902117252 -0.007594884 0.999959886 -0.004742680 -3.565252542 -0.010034812 0.004666364 0.999938726 204.202987671
0.999818385 0.015400483 0.011221962 -1.927312613 -0.015388479 0.999880910 -0.001155094 -3.594472647 -0.011238416 0.000982194 0.999936342 205.650863647
0.999803483 0.015859630 0.011895524 -1.923687220 -0.015874570 0.999873340 0.001162344 -3.626692533 -0.011875580 -0.001350952 0.999928534 207.121963501
0.999829829 0.014521018 0.011386895 -1.928144455 -0.014535654 0.999893606 0.001203450 -3.642970562 -0.011368207 -0.001368761 0.999934435 208.586822510
0.999884367 0.011178580 0.010307465 -1.916428804 -0.011193077 0.999936461 0.001349802 -3.672715902 -0.010291721 -0.001465019 0.999945939 210.070938110
0.999914944 0.009149320 0.009297413 -1.922865510 -0.009157575 0.999957740 0.000845425 -3.697604179 -0.009289283 -0.000930494 0.999956369 211.540817261
0.999913692 0.009658539 0.008898060 -1.929143071 -0.009662162 0.999953210 0.000364251 -3.725275993 -0.008894124 -0.000450195 0.999960303 213.018112183
0.999899745 0.011071771 0.008823347 -1.941748977 -0.011080470 0.999938190 0.000937628 -3.754067659 -0.008812419 -0.001035301 0.999960661 214.499969482
0.999895573 0.011602691 0.008611583 -1.943068624 -0.011616088 0.999931395 0.001507525 -3.781325340 -0.008593500 -0.001607400 0.999961793 216.003234863
0.999902070 0.011293557 0.008260688 -1.949512839 -0.011299905 0.999935865 0.000722326 -3.803891420 -0.008251999 -0.000815600 0.999965668 217.496826172
0.999907494 0.011014942 0.007982531 -1.955291271 -0.011014315 0.999939263 -0.000122346 -3.832938194 -0.007983395 0.000034413 0.999968052 218.997283936
0.999913990 0.010574359 0.007759664 -1.962622166 -0.010569805 0.999943852 -0.000627606 -3.854621649 -0.007765866 0.000545534 0.999969721 220.482940674
0.999911785 0.010907724 0.007577323 -1.972143173 -0.010903048 0.999940276 -0.000657932 -3.884440184 -0.007584048 0.000575258 0.999971092 221.981292725
0.999907672 0.011384603 0.007410071 -1.985102654 -0.011377535 0.999934793 -0.000995122 -3.910684347 -0.007420916 0.000910722 0.999972045 223.487823486
0.999910653 0.011346798 0.007060776 -1.993905902 -0.011338850 0.999935150 -0.001164459 -3.940595865 -0.007073530 0.001084294 0.999974370 224.994033813
0.999898732 0.012423133 0.006943263 -2.014970303 -0.012413247 0.999921858 -0.001465068 -3.969667196 -0.006960921 0.001378731 0.999974847 226.476760864
0.999903321 0.012270117 0.006557006 -2.024088860 -0.012258983 0.999923289 -0.001735722 -3.995974064 -0.006577802 0.001655173 0.999976993 227.986038208
0.999899447 0.012685331 0.006339879 -2.037617207 -0.012675210 0.999918282 -0.001633910 -4.026580811 -0.006360088 0.001553387 0.999978542 229.501754761
0.999909937 0.011794600 0.006393465 -2.050055265 -0.011783425 0.999929011 -0.001782485 -4.053944111 -0.006414034 0.001706987 0.999977946 231.009185791
0.999921858 0.010636100 0.006563538 -2.073451042 -0.010622926 0.999941468 -0.002038617 -4.085429192 -0.006584837 0.001968734 0.999976337 232.515197754
0.999932647 0.009365039 0.006857879 -2.088175058 -0.009354865 0.999955058 -0.001514028 -4.120051861 -0.006871750 0.001449772 0.999975383 234.033660889
0.999944806 0.007883077 0.006947403 -2.098896027 -0.007876961 0.999968588 -0.000907268 -4.146242142 -0.006954337 0.000852493 0.999975443 235.565368652
0.999943793 0.008045783 0.006896435 -2.109066486 -0.008041090 0.999967396 -0.000707823 -4.175380230 -0.006901904 0.000652328 0.999975979 237.090408325
0.999942780 0.008148296 0.006930925 -2.123628616 -0.008142987 0.999966502 -0.000793458 -4.214674473 -0.006937158 0.000736974 0.999975681 238.608688354
0.999936759 0.008717675 0.007097960 -2.136715889 -0.008709071 0.999961317 -0.001241954 -4.246471882 -0.007108513 0.001180059 0.999974012 240.130538940
0.999917090 0.010171019 0.007903655 -2.151334763 -0.010165481 0.999948084 -0.000740451 -4.276322365 -0.007910777 0.000660045 0.999968529 241.659225464
0.999910533 0.010339066 0.008485527 -2.162434340 -0.010350544 0.999945581 0.001310130 -4.303668022 -0.008471521 -0.001397843 0.999963105 243.208297729
0.999905229 0.010368585 0.009054716 -2.168716669 -0.010382525 0.999944985 0.001493804 -4.327425480 -0.009038731 -0.001587673 0.999957860 244.736984253
0.999892056 0.010941769 0.009807669 -2.180104971 -0.010943868 0.999940097 0.000160361 -4.357981205 -0.009805326 -0.000267677 0.999951899 246.257095337
0.999887884 0.010986052 0.010175046 -2.181568861 -0.010975558 0.999939144 -0.001086680 -4.390860081 -0.010186366 0.000974881 0.999947608 247.792617798
0.999879122 0.011383090 0.010593248 -2.189362288 -0.011379515 0.999935091 -0.000397606 -4.422646999 -0.010597087 0.000277011 0.999943733 249.343612671
0.999884665 0.011300910 0.010146335 -2.179140091 -0.011305540 0.999935985 0.000398808 -4.448186874 -0.010141178 -0.000513472 0.999948442 250.927841187
0.999878764 0.011678541 0.010290402 -2.189139843 -0.011687365 0.999931395 0.000798077 -4.477959633 -0.010280376 -0.000918248 0.999946713 252.477874756
0.999878347 0.012050748 0.009894095 -2.189556837 -0.012058533 0.999926984 0.000727288 -4.504178047 -0.009884608 -0.000846507 0.999950767 254.036926270
0.999859393 0.013428221 0.010039662 -2.195847511 -0.013438008 0.999909222 0.000908232 -4.531242847 -0.010026556 -0.001043017 0.999949217 255.593093872
0.999836028 0.014841875 0.010368892 -2.203933001 -0.014850544 0.999889433 0.000759645 -4.558952332 -0.010356471 -0.000913504 0.999945879 257.153869629
0.999827147 0.015317247 0.010539627 -2.213146925 -0.015327523 0.999882102 0.000894785 -4.584927559 -0.010524679 -0.001056176 0.999944031 258.703521729
0.999851823 0.013626607 0.010512012 -2.216933250 -0.013641735 0.999906003 0.001368637 -4.618222713 -0.010492374 -0.001511836 0.999943733 260.275573730
0.999874115 0.011935846 0.010447850 -2.218972921 -0.011957189 0.999926567 0.001982790 -4.641793728 -0.010423416 -0.002107467 0.999943376 261.832580566
0.999897599 0.009526381 0.010669776 -2.221020699 -0.009555349 0.999950826 0.002667132 -4.667404652 -0.010643844 -0.002768812 0.999939501 263.399871826
0.999917090 0.007925940 0.010142656 -2.213743687 -0.007946404 0.999966383 0.001978871 -4.696077347 -0.010126634 -0.002059305 0.999946535 264.970733643
0.999927759 0.006695394 0.009986393 -2.216126442 -0.006707138 0.999976814 0.001142855 -4.724186897 -0.009978513 -0.001209752 0.999949455 266.550354004
0.999933839 0.004930948 0.010392983 -2.215990305 -0.004961096 0.999983490 0.002876880 -4.752441406 -0.010378623 -0.002928250 0.999941826 268.140106201
0.999936938 0.002854113 0.010854089 -2.218696833 -0.002902722 0.999985754 0.004465287 -4.775526524 -0.010841188 -0.004496512 0.999931097 269.709197998
0.999934256 0.002209205 0.011246525 -2.229817152 -0.002252134 0.999990225 0.003805947 -4.803438187 -0.011238006 -0.003831027 0.999929428 271.293731689
0.999935806 0.001799382 0.011184733 -2.223255634 -0.001830498 0.999994516 0.002772428 -4.825013161 -0.011179681 -0.002792724 0.999933600 272.856658936
0.999923408 0.002672843 0.012086526 -2.223038435 -0.002704777 0.999992907 0.002626426 -4.857022285 -0.012079420 -0.002658917 0.999923527 274.435272217
0.999902129 0.004388501 0.013286855 -2.227609396 -0.004425197 0.999986470 0.002733708 -4.885688305 -0.013274677 -0.002792237 0.999908030 275.991424561
0.999885023 0.005950196 0.013948006 -2.233742476 -0.005983644 0.999979317 0.002357449 -4.912271500 -0.013933691 -0.002440638 0.999899864 277.549255371
0.999858439 0.007711093 0.014949109 -2.233342171 -0.007740148 0.999968231 0.001886765 -4.939870358 -0.014934084 -0.002002206 0.999886453 279.110443115
0.999843061 0.008518584 0.015529965 -2.225457668 -0.008545291 0.999962091 0.001654182 -4.968736172 -0.015515287 -0.001786630 0.999877989 280.666198730
0.999829531 0.009086890 0.016067788 -2.218185902 -0.009107314 0.999957800 0.001198373 -5.006418705 -0.016056225 -0.001344503 0.999870121 282.196929932
0.999819219 0.008297826 0.017115405 -2.217046738 -0.008310591 0.999965250 0.000674864 -5.033312798 -0.017109213 -0.000816981 0.999853253 283.772277832
0.999810874 0.007649716 0.017880356 -2.205408096 -0.007671049 0.999969959 0.001124801 -5.064740658 -0.017871218 -0.001261749 0.999839485 285.346343994
0.999808371 0.006409931 0.018495709 -2.193385601 -0.006449506 0.999977052 0.002080782 -5.091893673 -0.018481947 -0.002199671 0.999826729 286.928192139
0.999806583 0.005693538 0.018825389 -2.186921120 -0.005735742 0.999981165 0.002188557 -5.118757248 -0.018812574 -0.002296111 0.999820411 288.518371582
0.999816179 0.004897804 0.018536920 -2.169086456 -0.004898160 0.999988019 -0.000026180 -5.152178764 -0.018536830 -0.000064622 0.999828160 290.101989746
0.999824286 0.003581580 0.018396188 -2.156737328 -0.003544173 0.999991596 -0.002065617 -5.183963299 -0.018403430 0.002000055 0.999828637 291.680450439
0.999840021 0.003187918 0.017601768 -2.146645069 -0.003152966 0.999993026 -0.002013109 -5.216082573 -0.017608063 0.001957289 0.999843061 293.265594482
0.999862015 0.001848902 0.016509010 -2.136123657 -0.001816052 0.999996364 -0.002004591 -5.244877815 -0.016512657 0.001974333 0.999861658 294.855621338
0.999881744 0.001680721 0.015283024 -2.128871441 -0.001641843 0.999995410 -0.002556048 -5.276379108 -0.015287250 0.002530653 0.999879956 296.435302734
0.999885738 0.002034664 0.014974817 -2.130511284 -0.001989969 0.999993503 -0.002998971 -5.308202744 -0.014980821 0.002968829 0.999883354 298.035034180
0.999897718 0.001802375 0.014189420 -2.119927406 -0.001769293 0.999995708 -0.002343662 -5.344377041 -0.014193583 0.002318317 0.999896586 299.633148193
0.999909103 0.001627951 0.013378375 -2.120206833 -0.001598664 0.999996245 -0.002199576 -5.380133152 -0.013381906 0.002177989 0.999908090 301.233917236
0.999925375 0.001076133 0.012170621 -2.116300344 -0.001068231 0.999999166 -0.000655744 -5.416726589 -0.012171315 0.000642694 0.999925733 302.824859619
0.999928713 0.002776417 0.011613267 -2.123637199 -0.002783533 0.999995947 0.000596682 -5.444698334 -0.011611562 -0.000628965 0.999932408 304.433197021
0.999915957 0.002887492 0.012641183 -2.133228064 -0.002896559 0.999995589 0.000699059 -5.470526218 -0.012639109 -0.000735616 0.999919832 306.041870117
0.999906659 0.003124825 0.013299326 -2.128561497 -0.003129378 0.999995053 0.000321569 -5.496987820 -0.013298254 -0.000363158 0.999911487 307.670257568
0.999903500 0.001852231 0.013764979 -2.128704071 -0.001852796 0.999998391 0.000028311 -5.520521641 -0.013764902 -0.000053812 0.999905229 309.290679932
0.999902487 0.000178780 0.013964348 -2.123557091 -0.000168116 0.999999702 -0.000764851 -5.554620266 -0.013964481 0.000762429 0.999902129 310.915954590
0.999897718 -0.001415097 0.014226393 -2.117100239 0.001455564 0.999994934 -0.002834551 -5.582561016 -0.014222311 0.002854970 0.999894798 312.532135010
0.999897182 -0.001853277 0.014217074 -2.118688107 0.001906769 0.999991179 -0.003749876 -5.618283749 -0.014210001 0.003776599 0.999891818 314.148864746
0.999926925 -0.001029504 0.012043998 -2.122893095 0.001088730 0.999987364 -0.004912014 -5.650983334 -0.012038787 0.004924769 0.999915361 315.780334473
0.999950588 -0.000460003 0.009927445 -2.128899336 0.000503636 0.999990344 -0.004393209 -5.684141159 -0.009925325 0.004397992 0.999940991 317.413208008
0.999958038 0.000092185 0.009163355 -2.122945547 -0.000083820 0.999999583 -0.000913297 -5.722058773 -0.009163436 0.000912491 0.999957621 319.053741455
0.999952555 -0.001513117 0.009623812 -2.123267889 0.001494232 0.999996960 0.001969204 -5.746808529 -0.009626762 -0.001954730 0.999951780 320.718811035
0.999952435 -0.002385278 0.009456805 -2.124034405 0.002360841 0.999993861 0.002594359 -5.777022362 -0.009462935 -0.002571909 0.999951899 322.345642090
0.999948144 -0.003449268 0.009581975 -2.126674175 0.003434571 0.999992847 0.001549929 -5.805852890 -0.009587255 -0.001516939 0.999952912 323.993743896
0.999941826 -0.004786116 0.009662173 -2.126651525 0.004771954 0.999987543 0.001488223 -5.832612038 -0.009669176 -0.001442029 0.999952257 325.639099121
0.999932349 -0.005138682 0.010435754 -2.146262646 0.005117700 0.999984801 0.002036159 -5.860802650 -0.010446059 -0.001982614 0.999943495 327.260223389
0.999925315 -0.004846523 0.011217841 -2.152341843 0.004824864 0.999986410 0.001957048 -5.891516685 -0.011227176 -0.001902777 0.999935150 328.897216797
0.999927938 -0.003504603 0.011478420 -2.155680656 0.003492933 0.999993384 0.001036616 -5.920112133 -0.011481974 -0.000996448 0.999933600 330.542663574
0.999921739 -0.002517988 0.012249121 -2.164475441 0.002513119 0.999996781 0.000412841 -5.951728821 -0.012250123 -0.000382025 0.999924898 332.177093506
0.999905705 -0.003726206 0.013216311 -2.166827679 0.003696155 0.999990523 0.002297554 -5.983337879 -0.013224746 -0.002248488 0.999909937 333.818389893
0.999901593 -0.004872363 0.013151289 -2.166214943 0.004829579 0.999982893 0.003283083 -6.013042927 -0.013167060 -0.003219245 0.999908149 335.450134277
0.999897003 -0.005499806 0.013257105 -2.167440891 0.005474881 0.999983191 0.001915644 -6.038772106 -0.013267417 -0.001842865 0.999910235 337.090545654
0.999904037 -0.004634027 0.013049755 -2.160803795 0.004607813 0.999987304 0.002038213 -6.071949959 -0.013059033 -0.001977887 0.999912739 338.727020264
0.999912858 -0.002405216 0.012977041 -2.173021793 0.002404966 0.999997079 0.000034863 -6.103973866 -0.012977088 -0.000003651 0.999915779 340.360260010
0.999926388 -0.000981071 0.012105430 -2.163599491 0.001015840 0.999995351 -0.002866295 -6.137669086 -0.012102563 0.002878380 0.999922574 341.995300293
0.999935031 -0.000084864 0.011397683 -2.170026779 0.000111573 0.999997199 -0.002342732 -6.173597813 -0.011397454 0.002343852 0.999932230 343.637664795
0.999940932 0.001229191 0.010796814 -2.183066130 -0.001241189 0.999998569 0.001104593 -6.209519386 -0.010795441 -0.001117928 0.999941111 345.251953125
0.999954164 0.001851077 0.009389771 -2.184493542 -0.001890654 0.999989331 0.004207788 -6.243006229 -0.009381881 -0.004225349 0.999947071 346.885162354
0.999965370 0.002066959 0.008063890 -2.186069965 -0.002091371 0.999993265 0.003020075 -6.271756172 -0.008057593 -0.003036835 0.999962926 348.536895752
0.999977469 0.001679298 0.006497832 -2.199765921 -0.001688582 0.999997556 0.001423615 -6.298005104 -0.006495427 -0.001434555 0.999977887 350.154571533
0.999988854 0.000390137 0.004707910 -2.208252430 -0.000402496 0.999996483 0.002624421 -6.324281216 -0.004706869 -0.002626287 0.999985456 351.775939941
0.999992073 -0.001250017 0.003765756 -2.220020533 0.001237322 0.999993503 0.003371623 -6.356934547 -0.003769947 -0.003366936 0.999987245 353.397888184
0.999993324 -0.001395767 0.003368310 -2.234139204 0.001387695 0.999996126 0.002397671 -6.382015228 -0.003371643 -0.002392981 0.999991477 355.015289307
0.999993384 -0.002141165 0.002936158 -2.244957685 0.002136572 0.999996424 0.001566545 -6.412666321 -0.002939502 -0.001560261 0.999994457 356.627227783
0.999993384 -0.002011233 0.003010124 -2.260920525 0.002007955 0.999997377 0.001091512 -6.436976910 -0.003012311 -0.001085460 0.999994874 358.245849609
0.999992073 -0.002861350 0.002739162 -2.270722866 0.002858555 0.999995291 0.001023714 -6.465988636 -0.002742078 -0.001015876 0.999995768 359.859130859
0.999992192 -0.002746671 0.002835366 -2.284725189 0.002746108 0.999996185 0.000202532 -6.498382568 -0.002835911 -0.000194744 0.999995947 361.484375000
0.999989569 -0.003557794 0.002856000 -2.301505566 0.003559331 0.999993503 -0.000532998 -6.526519775 -0.002854085 0.000543158 0.999995708 363.120300293
0.999988019 -0.004083122 0.002700476 -2.314322710 0.004083542 0.999991596 -0.000149990 -6.556530476 -0.002699841 0.000161015 0.999996305 364.739562988
0.999989152 -0.003780186 0.002692810 -2.321225882 0.003783274 0.999992132 -0.001142462 -6.590529919 -0.002688471 0.001152637 0.999995708 366.364715576
0.999980807 -0.005580433 0.002681445 -2.334016562 0.005587219 0.999981165 -0.002530214 -6.623118401 -0.002667275 0.002545147 0.999993205 367.979187012
0.999971032 -0.007121046 0.002682867 -2.347647190 0.007122464 0.999974430 -0.000519273 -6.657258511 -0.002679100 0.000538367 0.999996245 369.597961426
0.999959767 -0.008717712 0.002181649 -2.349418640 0.008717382 0.999961913 0.000160659 -6.687708855 -0.002182966 -0.000141634 0.999997616 371.220306396
0.999951899 -0.009541497 0.002269213 -2.360476494 0.009543356 0.999954045 -0.000809227 -6.716133595 -0.002261387 0.000830844 0.999997079 372.844207764
0.999963224 -0.007989768 0.003110127 -2.394760609 0.007995654 0.999966204 -0.001885415 -6.740250111 -0.003094957 0.001910213 0.999993324 374.472473145
0.999969602 -0.007143148 0.003103252 -2.399947882 0.007145533 0.999974132 -0.000757899 -6.782358170 -0.003097758 0.000780051 0.999994874 376.100311279
0.999979913 -0.005439702 0.003260746 -2.415226936 0.005440385 0.999985158 -0.000200492 -6.808584690 -0.003259607 0.000218228 0.999994636 377.726043701
0.999974191 -0.006301832 0.003451168 -2.422892094 0.006301543 0.999980152 0.000094637 -6.850018501 -0.003451697 -0.000072887 0.999994040 379.350982666
0.999974728 -0.006108436 0.003638267 -2.443361759 0.006111585 0.999980986 -0.000854991 -6.879639626 -0.003632975 0.000877205 0.999992967 380.971527100
0.999973118 -0.005889677 0.004355595 -2.463837385 0.005894193 0.999982178 -0.001024907 -6.910929203 -0.004349480 0.001050552 0.999990046 382.605163574
0.999968648 -0.006818677 0.004021071 -2.462850094 0.006821385 0.999976516 -0.000659953 -6.953073502 -0.004016477 0.000687361 0.999991715 384.238067627
0.999980509 -0.004748637 0.004073364 -2.471961021 0.004752302 0.999988317 -0.000890535 -6.977878571 -0.004069087 0.000909875 0.999991357 385.875030518
0.999984920 -0.003084383 0.004529720 -2.492472410 0.003086361 0.999995112 -0.000429683 -7.012959480 -0.004528372 0.000443657 0.999989629 387.514495850
0.999983311 -0.001412225 0.005593190 -2.520860195 0.001421310 0.999997616 -0.001620594 -7.039265633 -0.005590888 0.001628517 0.999983072 389.154083252
