1.000000000 0.000000000 0.000000000 0.000000000 0.000000000 1.000000000 0.000000000 0.000000000 0.000000000 0.000000000 1.000000000 0.000000000
0.999999464 -0.000947071 -0.000433481 -0.014398589 0.000947815 0.999998093 0.001719355 -0.021696614 0.000431852 -0.001719765 0.999998450 0.572024822
0.999997735 -0.001994011 -0.000763990 -0.031979673 0.001994878 0.999997377 0.001134534 0.048298702 0.000761726 -0.001136055 0.999999046 1.085898399
0.999998629 -0.000784066 -0.001477661 0.044549730 0.000785009 0.999999464 0.000637830 0.130350247 0.001477160 -0.000638989 0.999998689 1.939944148
0.999998212 -0.000202866 -0.001864599 0.061835170 0.000204237 0.999999642 0.000734702 0.170580775 0.001864450 -0.000735082 0.999997914 2.570558786
0.999998271 0.000410507 -0.001816001 0.049449623 -0.000408763 0.999999404 0.000960508 0.200799629 0.001816395 -0.000959764 0.999997914 3.110199690
0.999996006 0.000596716 -0.002749344 0.090187162 -0.000594941 0.999999642 0.000646223 0.257052153 0.002749729 -0.000644585 0.999996006 3.861687660
0.999995410 0.001197960 -0.002783484 0.070267059 -0.001196003 0.999999106 0.000704753 0.279947966 0.002784326 -0.000701421 0.999995887 4.354966164
0.999993682 0.000149595 -0.003549528 0.097804762 -0.000147892 0.999999881 0.000480115 0.338410616 0.003549599 -0.000479587 0.999993503 5.040908813
0.999992847 0.000267494 -0.003776580 0.101308666 -0.000265351 0.999999762 0.000567994 0.379229575 0.003776731 -0.000566988 0.999992669 5.609366417
0.999988616 -0.000430176 -0.004743153 0.122870490 0.000435068 0.999999344 0.001030456 0.416844249 0.004742707 -0.001032507 0.999988198 6.250904083
0.999985993 -0.000360540 -0.005298026 0.126298368 0.000364631 0.999999702 0.000771367 0.465813130 0.005297747 -0.000773288 0.999985635 6.836642742
0.999984622 0.000475861 -0.005524897 0.117224619 -0.000471655 0.999999583 0.000762586 0.514841914 0.005525259 -0.000759969 0.999984443 7.482808113
0.999980569 0.000090137 -0.006237635 0.130533859 -0.000086796 0.999999881 0.000535832 0.550995290 0.006237682 -0.000535280 0.999980450 8.076438904
0.999977350 -0.000171508 -0.006716558 0.144999981 0.000171357 1.000000000 -0.000023064 0.615484059 0.006716561 0.000021912 0.999977469 8.720457077
0.999974072 -0.001324640 -0.007083845 0.142035067 0.001327436 0.999999046 0.000389991 0.654399931 0.007083322 -0.000399384 0.999974847 9.300043106
0.999968171 -0.001140299 -0.007899642 0.161840662 0.001145202 0.999999106 0.000616048 0.697698057 0.007898933 -0.000625075 0.999968588 9.880388260
0.999965191 -0.001923465 -0.008120948 0.169668198 0.001933568 0.999997377 0.001236369 0.748111069 0.008118550 -0.001252029 0.999966204 10.546141624
0.999963462 -0.001916507 -0.008335771 0.172589794 0.001931253 0.999996603 0.001761410 0.793363154 0.008332367 -0.001777444 0.999963701 11.142539024
0.999958158 -0.001689049 -0.008992612 0.178319097 0.001711936 0.999995291 0.002538069 0.838931561 0.008988285 -0.002553358 0.999956369 11.770419121
0.999947846 -0.001541718 -0.010097479 0.204169765 0.001574883 0.999993324 0.003277300 0.866215944 0.010092361 -0.003293031 0.999943674 12.334190369
0.999951422 -0.000859512 -0.009823868 0.175339341 0.000891320 0.999994338 0.003233917 0.935566068 0.009821034 -0.003242516 0.999946535 12.918186188
0.999941528 -0.001363988 -0.010727347 0.202479497 0.001403805 0.999992132 0.003705075 0.966492712 0.010722209 -0.003719917 0.999935567 13.587753296
0.999942124 -0.001819033 -0.010603635 0.169902742 0.001860088 0.999990702 0.003863208 0.993278682 0.010596511 -0.003882708 0.999936283 14.117103577
0.999933004 -0.001871977 -0.011421618 0.205766261 0.001919418 0.999989569 0.004144072 1.047139645 0.011413742 -0.004165718 0.999926150 14.763902664
0.999930084 -0.001698011 -0.011701393 0.204354376 0.001744281 0.999990702 0.003945129 1.097786784 0.011694585 -0.003965265 0.999923766 15.442460060
0.999927938 -0.001876584 -0.011858600 0.185731679 0.001927208 0.999989092 0.004258993 1.133170962 0.011850479 -0.004281540 0.999920607 16.027549744
0.999918222 -0.000468102 -0.012777587 0.211538717 0.000513879 0.999993443 0.003579563 1.200574398 0.012775830 -0.003585838 0.999911964 16.638162613
0.999915481 -0.000894616 -0.012963914 0.205286115 0.000942495 0.999992669 0.003687626 1.233276963 0.012960521 -0.003699533 0.999909163 17.267358780
0.999909401 -0.001987903 -0.013307356 0.181139559 0.002034347 0.999991834 0.003477504 1.272595167 0.013300337 -0.003504261 0.999905348 17.786130905
0.999905586 -0.001993205 -0.013594637 0.192726970 0.002041121 0.999991775 0.003511668 1.318989515 0.013587524 -0.003539085 0.999901474 18.438133240
0.999902964 -0.001714578 -0.013821602 0.186978966 0.001755173 0.999994159 0.002925450 1.392243385 0.013816504 -0.002949426 0.999900222 19.094493866
0.999900877 -0.001815680 -0.013963240 0.166655540 0.001858497 0.999993563 0.003053975 1.431930780 0.013957607 -0.003079623 0.999897897 19.698997498
0.999883711 -0.002324780 -0.015069442 0.196818888 0.002365630 0.999993503 0.002693511 1.487166762 0.015063082 -0.002728847 0.999882817 20.308935165
0.999887407 -0.001437360 -0.014932023 0.179651946 0.001467405 0.999996901 0.002001387 1.536127687 0.014929103 -0.002023073 0.999886453 20.922760010
0.999879122 -0.002107818 -0.015399094 0.151089072 0.002133745 0.999996305 0.001667502 1.574069381 0.015395523 -0.001700158 0.999879956 21.497835159
0.999869704 -0.001935885 -0.016026521 0.182137400 0.001969108 0.999995947 0.002057490 1.622726798 0.016022475 -0.002088780 0.999869406 22.114042282
0.999869049 -0.000391778 -0.016178207 0.173739403 0.000432574 0.999996722 0.002518240 1.677454233 0.016177168 -0.002524909 0.999865949 22.723398209
0.999858379 0.000224101 -0.016825590 0.163607597 -0.000166467 0.999994040 0.003426721 1.718676686 0.016826255 -0.003423435 0.999852538 23.299556732
0.999841213 0.000837946 -0.017798586 0.185741723 -0.000778469 0.999994099 0.003348300 1.784752965 0.017801285 -0.003333913 0.999835968 23.969720840
0.999839842 0.001399373 -0.017842416 0.161138237 -0.001329992 0.999991477 0.003899810 1.822957158 0.017847722 -0.003875455 0.999833226 24.569849014
0.999833405 0.001263271 -0.018211536 0.145438164 -0.001191330 0.999991477 0.003960648 1.873255610 0.018216383 -0.003938293 0.999826372 25.185953140
0.999814868 0.001268687 -0.019205168 0.160566539 -0.001194852 0.999991894 0.003855528 1.937788606 0.019209908 -0.003831867 0.999808192 25.813619614
0.999812365 0.000693999 -0.019359881 0.136865318 -0.000611735 0.999990702 0.004254804 1.961133957 0.019362653 -0.004242163 0.999803543 26.394245148
0.999800563 0.000254379 -0.019975614 0.129928648 -0.000171583 0.999991357 0.004146444 2.012553930 0.019976500 -0.004142189 0.999791920 27.032201767
0.999790609 0.000328561 -0.020462338 0.130859256 -0.000226477 0.999987483 0.004990988 2.051241398 0.020463720 -0.004985307 0.999778211 27.666275024
0.999786139 0.001242353 -0.020642230 0.108708858 -0.001135547 0.999986053 0.005185091 2.101408005 0.020648381 -0.005160541 0.999773502 28.236717224
0.999776363 0.000538297 -0.021139653 0.106463313 -0.000422867 0.999985039 0.005464441 2.145060539 0.021142274 -0.005454280 0.999761581 28.891914368
0.999757826 0.001393452 -0.021960596 0.113674760 -0.001286453 0.999987245 0.004885680 2.194946766 0.021967124 -0.004856246 0.999746919 29.485074997
0.999744833 0.000946510 -0.022568926 0.113813102 -0.000853297 0.999991059 0.004139422 2.256763458 0.022572644 -0.004119109 0.999736667 30.054262161
0.999733984 0.000474056 -0.023057692 0.102389097 -0.000391132 0.999993443 0.003600746 2.301493168 0.023059247 -0.003590770 0.999727607 30.649625778
0.999727070 0.001010085 -0.023341773 0.090845942 -0.000935565 0.999994457 0.003203240 2.368155003 0.023344876 -0.003180528 0.999722362 31.298095703
0.999703825 0.001155657 -0.024306167 0.089668870 -0.001062162 0.999991953 0.003859108 2.396490574 0.024310438 -0.003832147 0.999697089 31.873964310
0.999691665 0.001605643 -0.024778098 0.073393822 -0.001510400 0.999991417 0.003862089 2.446217537 0.024784088 -0.003823474 0.999685526 32.480796814
0.999670982 0.001032329 -0.025627742 0.077985168 -0.000939168 0.999992967 0.003646916 2.493362665 0.025631327 -0.003621648 0.999664903 33.071163177
0.999654770 0.001346433 -0.026236942 0.065982759 -0.001261013 0.999993861 0.003271990 2.531953573 0.026241185 -0.003237775 0.999650419 33.683807373
0.999643087 0.000833776 -0.026699139 0.048177660 -0.000755118 0.999995351 0.002956064 2.565657854 0.026701482 -0.002934848 0.999639153 34.286048889
0.999628663 0.001062340 -0.027229041 0.033822477 -0.001011007 0.999997675 0.001898900 2.640485764 0.027230993 -0.001870666 0.999627531 34.912654877
0.999605298 0.000379086 -0.028090555 0.039360285 -0.000325443 0.999998093 0.001914190 2.664934158 0.028091226 -0.001904293 0.999603510 35.508499146
0.999599636 -0.000299417 -0.028291995 0.012365103 0.000368186 0.999996960 0.002425506 2.703330278 0.028291183 -0.002434952 0.999596775 36.070945740
0.999587119 -0.000021236 -0.028733421 -0.006702065 0.000090327 0.999997020 0.002403231 2.743294477 0.028733285 -0.002404834 0.999584198 36.654197693
0.999561250 0.000522405 -0.029615305 -0.005130172 -0.000436404 0.999995768 0.002910336 2.798199177 0.029616697 -0.002896135 0.999557137 37.274108887
0.999546587 0.001152128 -0.030090651 -0.033743024 -0.001054944 0.999994218 0.003245393 2.834342718 0.030094214 -0.003212178 0.999541938 37.861858368
0.999532700 0.000826532 -0.030556807 -0.047662258 -0.000738563 0.999995589 0.002890036 2.896287203 0.030559056 -0.002866118 0.999528885 38.506286621
0.999510407 0.000622519 -0.031282544 -0.044658542 -0.000537453 0.999996066 0.002727634 2.940973759 0.031284120 -0.002709485 0.999506831 39.082115173
0.999489188 0.001369382 -0.031931877 -0.053650618 -0.001293998 0.999996305 0.002381340 2.976165771 0.031935018 -0.002338804 0.999487221 39.541412354
0.999470174 0.001557532 -0.032514613 -0.068284154 -0.001504568 0.999997497 0.001653354 3.062375307 0.032517102 -0.001603558 0.999469817 40.229885101
0.999457717 0.001610775 -0.032886472 -0.093515158 -0.001552386 0.999997199 0.001800923 3.086585045 0.032889277 -0.001748895 0.999457479 40.835437775
0.999442518 0.000916138 -0.033373717 -0.137764335 -0.000821663 0.999995649 0.002844404 3.097841978 0.033376172 -0.002815396 0.999438941 41.306930542
0.999419928 0.000449408 -0.034051295 -0.154663682 -0.000352690 0.999995887 0.002846326 3.141358614 0.034052435 -0.002832665 0.999416053 42.008228302
0.999381244 0.001045437 -0.035157919 -0.143656731 -0.000931745 0.999994278 0.003249974 3.204667807 0.035161119 -0.003215205 0.999376416 42.594955444
0.999386072 0.001208247 -0.035015628 -0.213708043 -0.001059470 0.999990404 0.004267131 3.225953102 0.035020445 -0.004227413 0.999377608 43.068870544
0.999353349 0.000172778 -0.035955857 -0.204832554 -0.000002051 0.999988675 0.004748205 3.264213800 0.035956278 -0.004745061 0.999342084 43.704555511
0.999330759 0.000341849 -0.036577564 -0.200036168 -0.000174472 0.999989450 0.004579053 3.340607882 0.036578745 -0.004569607 0.999320328 44.405582428
0.999298632 0.000301058 -0.037443832 -0.215164065 -0.000133263 0.999989867 0.004483646 3.371846676 0.037444800 -0.004475513 0.999288678 44.974353790
0.999276280 0.000807292 -0.038030583 -0.234247327 -0.000636055 0.999989569 0.004514500 3.425013304 0.038033839 -0.004487044 0.999266386 45.575263977
0.999264359 0.001541941 -0.038318623 -0.265609860 -0.001402306 0.999992192 0.003670656 3.486225605 0.038323995 -0.003614222 0.999258816 46.137798309
0.999250829 0.001366793 -0.038675603 -0.305196404 -0.001275018 0.999996245 0.002397498 3.568649530 0.038678735 -0.002346390 0.999248922 46.701915741
0.999230683 0.000954523 -0.039206617 -0.314904571 -0.000834071 0.999994814 0.003088500 3.596212626 0.039209370 -0.003053423 0.999226391 47.310684204
0.999201119 0.001661074 -0.039928820 -0.333809257 -0.001528970 0.999993384 0.003338792 3.616058111 0.039934099 -0.003275075 0.999196947 47.850479126
0.999180973 0.001922775 -0.040417902 -0.368138433 -0.001793869 0.999993205 0.003225358 3.663270235 0.040423825 -0.003150212 0.999177635 48.399581909
0.999159634 0.002091001 -0.040933289 -0.379029393 -0.001950658 0.999992073 0.003468221 3.706000328 0.040940225 -0.003385460 0.999155819 48.970634460
0.999142528 0.002371707 -0.041338332 -0.393864989 -0.002246071 0.999992728 0.003085400 3.739489079 0.041345343 -0.002989905 0.999140441 49.542602539
0.999101520 0.002656080 -0.042298034 -0.412594795 -0.002538060 0.999992788 0.002843645 3.760632753 0.042305280 -0.002733734 0.999100983 50.078815460
0.999078631 0.002623688 -0.042835735 -0.429397941 -0.002509983 0.999993265 0.002707991 3.810545921 0.042842541 -0.002597979 0.999078453 50.684524536
0.999083698 0.002309666 -0.042736899 -0.473769784 -0.002246209 0.999996305 0.001532799 3.858588457 0.042740289 -0.001435399 0.999085128 51.198360443
0.999069810 0.002016462 -0.043074314 -0.508656740 -0.001967118 0.999997377 0.001187907 3.897729635 0.043076593 -0.001102071 0.999071181 51.732559204
0.999046862 0.000683412 -0.043644868 -0.516894102 -0.000616101 0.999998569 0.001555660 3.930667400 0.043645870 -0.001527288 0.999045908 52.282073975
0.999008656 0.001948959 -0.044473216 -0.522760272 -0.001884443 0.999997079 0.001492559 3.984810829 0.044476002 -0.001407273 0.999009490 52.856506348
0.999001205 0.000708394 -0.044675775 -0.555685639 -0.000610789 0.999997377 0.002198360 4.015974998 0.044677213 -0.002168877 0.998999178 53.348197937
0.998959363 0.000997147 -0.045599096 -0.575915575 -0.000903060 0.999997377 0.002083914 4.070011616 0.045601055 -0.002040566 0.998957694 53.931236267
0.998933733 0.002142010 -0.046116989 -0.597157598 -0.002054632 0.999996006 0.001942031 4.126106262 0.046120964 -0.001845208 0.998934150 54.506156921
0.998915732 0.001884445 -0.046515871 -0.633666158 -0.001740004 0.999993622 0.003145488 4.143769741 0.046521496 -0.003061140 0.998912573 55.033920288
0.998914003 0.002261222 -0.046536252 -0.660838842 -0.002087106 0.999990642 0.003789771 4.181483269 0.046544380 -0.003688530 0.998909414 55.608234406
0.998897552 0.002372655 -0.046886124 -0.675948977 -0.002217080 0.999991834 0.003369878 4.245381355 0.046893746 -0.003262212 0.998894572 56.111778259
0.998876572 0.002342210 -0.047330096 -0.705989957 -0.002207842 0.999993384 0.002891026 4.297369480 0.047336545 -0.002783280 0.998875141 56.661315918
0.998855948 0.002459398 -0.047757920 -0.728044271 -0.002296232 0.999991357 0.003471071 4.334241867 0.047766048 -0.003357437 0.998852968 57.156284332
0.998840451 0.002974190 -0.048049573 -0.759240627 -0.002801517 0.999989331 0.003660596 4.372748375 0.048059955 -0.003521740 0.998838186 57.709056854
0.998815060 0.002211194 -0.048617247 -0.775110245 -0.002018429 0.999989927 0.004013706 4.399012089 0.048625641 -0.003910820 0.998809397 58.222961426
0.998789728 0.001251551 -0.049168263 -0.797321558 -0.001039105 0.999990046 0.004346135 4.447335243 0.049173214 -0.004289784 0.998781025 58.768817902
0.998767912 0.000703610 -0.049622182 -0.809288740 -0.000484946 0.999990106 0.004418480 4.489859581 0.049624808 -0.004388971 0.998758316 59.323364258
0.998756170 0.001864906 -0.049825143 -0.835943699 -0.001655204 0.999989569 0.004249678 4.523998260 0.049832545 -0.004161921 0.998748958 59.826034546
0.998744309 0.001581624 -0.050074477 -0.869344711 -0.001396124 0.999992073 0.003739243 4.559877396 0.050079986 -0.003664637 0.998738527 60.359863281
0.998720467 0.002117727 -0.050529383 -0.872657776 -0.001949109 0.999992371 0.003386075 4.614071369 0.050536171 -0.003283255 0.998716831 60.890155792
0.998689115 0.001896176 -0.051152129 -0.887876511 -0.001718462 0.999992371 0.003517982 4.636683941 0.051158410 -0.003425467 0.998684704 61.410621643
0.998681486 0.002050634 -0.051296428 -0.939018250 -0.001901768 0.999993861 0.002950713 4.683468342 0.051302169 -0.002849268 0.998679161 61.933635712
0.998641908 0.001280446 -0.052083820 -0.950447559 -0.001144362 0.999995887 0.002642513 4.721568108 0.052086983 -0.002579322 0.998639286 62.491565704
0.998657346 0.001385268 -0.051783480 -0.967192173 -0.001266842 0.999996483 0.002319701 4.767597198 0.051786512 -0.002250985 0.998655617 63.024047852
0.998651326 0.001769411 -0.051888343 -0.996339798 -0.001647187 0.999995768 0.002398182 4.797531128 0.051892366 -0.002309477 0.998650014 63.570388794
0.998635650 0.002715651 -0.052148528 -1.031508207 -0.002595298 0.999993801 0.002375489 4.830124378 0.052154653 -0.002236907 0.998636544 64.096443176
0.998622060 0.002565943 -0.052415989 -1.033780098 -0.002466760 0.999995053 0.001956824 4.894491673 0.052420750 -0.001824830 0.998623431 64.653732300
0.998621285 0.002726242 -0.052421574 -1.063352346 -0.002613710 0.999994159 0.002215086 4.917695045 0.052427303 -0.002075017 0.998622596 65.167488098
0.998639405 0.002755888 -0.052074630 -1.111154795 -0.002653184 0.999994397 0.002041262 4.972650528 0.052079964 -0.001900321 0.998641074 65.662124634
0.998656511 0.002150144 -0.051774882 -1.131875277 -0.002054102 0.999996066 0.001908133 5.021778107 0.051778782 -0.001799219 0.998656988 66.211570740
0.998643100 0.001463029 -0.052054670 -1.153061390 -0.001339424 0.999996126 0.002409328 5.043406010 0.052057993 -0.002336336 0.998641312 66.726989746
0.998643935 0.001232361 -0.052044306 -1.192456722 -0.001116798 0.999996781 0.002249496 5.088485241 0.052046910 -0.002188323 0.998642266 67.302024841
0.998680711 0.001864582 -0.051315334 -1.234753847 -0.001710854 0.999993861 0.003039525 5.119671345 0.051320687 -0.002947722 0.998677969 67.822586060
0.998654723 0.002152316 -0.051808331 -1.216287136 -0.001997601 0.999993384 0.003037888 5.164854050 0.051814534 -0.002930309 0.998652399 68.245254517
0.998659372 0.003240063 -0.051662799 -1.261109114 -0.003069335 0.999989569 0.003383664 5.204311371 0.051673230 -0.003220557 0.998658836 68.678924561
0.998692632 0.003024584 -0.051028438 -1.288409948 -0.002802797 0.999986351 0.004417344 5.232065678 0.051041108 -0.004268546 0.998687387 69.190788269
0.998674572 0.003385447 -0.051358167 -1.261435270 -0.003155054 0.999984562 0.004566418 5.278821468 0.051372834 -0.004398328 0.998669863 69.814468384
0.998684168 0.004064894 -0.051123094 -1.303488016 -0.003791479 0.999978006 0.005444027 5.294611454 0.051144101 -0.005243030 0.998677492 70.171234131
0.998695910 0.003261107 -0.050949834 -1.291835546 -0.003004790 0.999982476 0.005106553 5.326347828 0.050965589 -0.004946799 0.998688161 70.638397217
0.998707891 0.004975896 -0.050576180 -1.280294657 -0.004747368 0.999978006 0.004637634 5.398596287 0.050598145 -0.004391537 0.998709381 71.145782471
0.998748124 0.005063644 -0.049763378 -1.328280210 -0.004858105 0.999979138 0.004250391 5.444374084 0.049783859 -0.004003313 0.998752117 71.782165527
0.998801529 0.004731726 -0.048715200 -1.398488045 -0.004525418 0.999980271 0.004344423 5.458917141 0.048734803 -0.004118760 0.998803258 72.237678528
0.998844028 0.003234311 -0.047959700 -1.403788805 -0.003022033 0.999985337 0.004498032 5.485517502 0.047973543 -0.004347897 0.998839200 72.664619446
0.998849809 0.003487483 -0.047821201 -1.384603262 -0.003293492 0.999986053 0.004134777 5.544983387 0.047834948 -0.003972522 0.998847306 73.234222412
0.998891652 0.002451408 -0.047004610 -1.427813530 -0.002241469 0.999987304 0.004518553 5.563632488 0.047015090 -0.004408185 0.998884439 73.640502930
0.998910010 0.003297062 -0.046560459 -1.437662363 -0.003109781 0.999986827 0.004094186 5.608526707 0.046573345 -0.003944931 0.998907030 74.082733154
0.998930871 0.003637662 -0.046086211 -1.442806363 -0.003432775 0.999983847 0.004524096 5.643547535 0.046101924 -0.004361055 0.998927236 74.684158325
0.998966515 0.004332731 -0.045245349 -1.473593235 -0.004133751 0.999981344 0.004490438 5.675483227 0.045263957 -0.004298764 0.998965800 75.153778076
0.998993218 0.005191657 -0.044561863 -1.485166907 -0.005017921 0.999979258 0.004009726 5.722248077 0.044581760 -0.003782080 0.998998642 75.614265442
0.998999178 0.004464143 -0.044504944 -1.475514293 -0.004296024 0.999983251 0.003872460 5.759652615 0.044521485 -0.003677389 0.999001682 76.065498352
0.999037802 0.003854363 -0.043688145 -1.492925644 -0.003725825 0.999988496 0.003023221 5.800151825 0.043699306 -0.002857537 0.999040604 76.632118225
0.999064088 0.003286789 -0.043130953 -1.499362826 -0.003174794 0.999991417 0.002664855 5.821042061 0.043139346 -0.002525428 0.999065876 77.031913757
0.999109805 0.003214212 -0.042062897 -1.537718177 -0.003136111 0.999993265 0.001922640 5.860089302 0.042068798 -0.001789015 0.999113142 77.489593506
0.999121308 0.002370014 -0.041844856 -1.532865047 -0.002309211 0.999996185 0.001501334 5.920398712 0.041848265 -0.001403387 0.999122977 78.113952637
0.999147713 0.002115325 -0.041223090 -1.542340875 -0.002056200 0.999996841 0.001476608 5.964477539 0.041226089 -0.001390587 0.999148905 78.550155640
0.999184370 0.002969426 -0.040269334 -1.561037898 -0.002907003 0.999994457 0.001608617 5.999350071 0.040273882 -0.001490242 0.999187529 79.038940430
0.999220729 0.003304601 -0.039331552 -1.562371135 -0.003224656 0.999992609 0.002095845 6.027126312 0.039338183 -0.001967381 0.999223948 79.499153137
0.999273777 0.003890091 -0.037906442 -1.592230678 -0.003790601 0.999989212 0.002696126 6.051034927 0.037916519 -0.002550479 0.999277651 79.865516663
0.999289274 0.004401221 -0.037437022 -1.559977531 -0.004285325 0.999985814 0.003175450 6.099127293 0.037450459 -0.003012763 0.999293923 80.374633789
0.999345958 0.005558157 -0.035732273 -1.597292066 -0.005421998 0.999977648 0.003906301 6.133435726 0.035753179 -0.003710005 0.999353766 80.864440918
0.999367058 0.005628902 -0.035124637 -1.588552117 -0.005473503 0.999974787 0.004518808 6.174830437 0.035149191 -0.004323693 0.999372721 81.399108887
0.999419570 0.006612672 -0.033418275 -1.624498487 -0.006461658 0.999968410 0.004624892 6.219477177 0.033447806 -0.004406271 0.999430716 81.917228699
0.999456346 0.006152342 -0.032387882 -1.613278508 -0.005998720 0.999970317 0.004838201 6.256491661 0.032416686 -0.004641285 0.999463618 82.379920959
0.999497592 0.006093506 -0.031102121 -1.623542786 -0.005951473 0.999971449 0.004657201 6.297311783 0.031129612 -0.004469758 0.999505281 82.902259827
0.999554276 0.005446023 -0.029355442 -1.656509161 -0.005308989 0.999974608 0.004744036 6.328051567 0.029380538 -0.004586074 0.999557734 83.419616699
0.999591649 0.004977567 -0.028138451 -1.657338381 -0.004848666 0.999977469 0.004647324 6.369531155 0.028160950 -0.004508994 0.999593139 83.918853760
0.999632597 0.005231044 -0.026593903 -1.643588543 -0.005104869 0.999975383 0.004810187 6.407913208 0.026618412 -0.004672662 0.999634683 84.353042603
0.999673843 0.005173334 -0.025010278 -1.660724640 -0.005053841 0.999975502 0.004838598 6.428857327 0.025034698 -0.004710621 0.999675512 84.835670471
0.999714017 0.005290666 -0.023322433 -1.673762441 -0.005183017 0.999975681 0.004673672 6.465547562 0.023346595 -0.004551455 0.999717057 85.310943604
0.999746680 0.005206504 -0.021895045 -1.645223737 -0.005116747 0.999978304 0.004153451 6.514662743 0.021916192 -0.004040367 0.999751627 85.779396057
0.999787748 0.005179122 -0.019939130 -1.653357267 -0.005105773 0.999980092 0.003727815 6.530383587 0.019958040 -0.003625219 0.999794185 86.159408569
0.999806881 0.006319645 -0.018607758 -1.657016516 -0.006271482 0.999976873 0.002645513 6.587620735 0.018624045 -0.002528304 0.999823391 86.689628601
0.999830067 0.006498334 -0.017252708 -1.644784927 -0.006461987 0.999976933 0.002161572 6.632012367 0.017266357 -0.002049717 0.999848843 87.194412231
0.999841332 0.007260932 -0.016263759 -1.644257426 -0.007233315 0.999972343 0.001756189 6.681612968 0.016276062 -0.001638269 0.999866188 87.705635071
0.999862969 0.007422532 -0.014797154 -1.646686792 -0.007398752 0.999971330 0.001661146 6.723733902 0.014809058 -0.001551438 0.999889135 88.209098816
0.999888599 0.006852234 -0.013254778 -1.632648826 -0.006830428 0.999975204 0.001689753 6.763183117 0.013266025 -0.001599030 0.999910712 88.671913147
0.999905646 0.006408704 -0.012151413 -1.631265640 -0.006383240 0.999977291 0.002133220 6.785097122 0.012164812 -0.002055453 0.999923825 89.102661133
0.999916852 0.006792288 -0.010958563 -1.620913267 -0.006775420 0.999975801 0.001575678 6.821048737 0.010969001 -0.001501298 0.999938726 89.557456970
0.999928832 0.006356202 -0.010095872 -1.609348059 -0.006345582 0.999979258 0.001083564 6.862176418 0.010102551 -0.001019423 0.999948442 90.031433105
0.999949455 0.006527844 -0.007643349 -1.601785898 -0.006519407 0.999978125 0.001128281 6.902914047 0.007650548 -0.001078394 0.999970138 90.544692993
0.999955952 0.006717646 -0.006543660 -1.604882360 -0.006708414 0.999976456 0.001431646 6.918387890 0.006553123 -0.001387686 0.999977589 90.945335388
0.999954343 0.008393683 -0.004554752 -1.626152635 -0.008387255 0.999963820 0.001428721 6.949441910 0.004566580 -0.001390454 0.999988616 91.416290283
0.999960124 0.008243669 -0.003428983 -1.623124838 -0.008240281 0.999965549 0.001000755 6.993146420 0.003437115 -0.000972459 0.999993622 91.865425110
0.999963760 0.008293840 -0.001923611 -1.612343073 -0.008290033 0.999963701 0.001978790 7.018904209 0.001939953 -0.001962771 0.999996126 92.302711487
0.999956429 0.009328550 -0.000335014 -1.619343281 -0.009327934 0.999954939 0.001792952 7.072842121 0.000351724 -0.001789748 0.999998271 92.798027039
0.999956071 0.009331325 0.000886782 -1.594289422 -0.009333348 0.999953806 0.002303530 7.115646362 -0.000865246 -0.002311705 0.999996901 93.225769043
0.999946296 0.010208641 0.001796728 -1.576459289 -0.010212897 0.999945104 0.002376438 7.156442642 -0.001772370 -0.002394660 0.999995589 93.670211792
0.999942362 0.010288863 0.003072201 -1.550368786 -0.010297998 0.999942541 0.002973743 7.169613361 -0.003041428 -0.003005209 0.999990821 94.126358032
0.999933660 0.010608903 0.004492305 -1.563491344 -0.010622007 0.999939382 0.002902858 7.189538479 -0.004461237 -0.002950382 0.999985695 94.575851440
0.999916673 0.011531550 0.005810917 -1.542080164 -0.011548286 0.999929190 0.002854524 7.225845814 -0.005777589 -0.002921393 0.999979079 95.048774719
0.999928534 0.010146402 0.006333531 -1.497308612 -0.010164020 0.999944568 0.002755980 7.257445812 -0.006305216 -0.002820157 0.999976158 95.488250732
0.999919653 0.009938958 0.007869909 -1.505887508 -0.009960912 0.999946594 0.002755342 7.305934429 -0.007842103 -0.002833512 0.999965250 95.933319092
0.999906182 0.010038137 0.009318381 -1.497309804 -0.010070834 0.999943256 0.003468584 7.334578514 -0.009283034 -0.003562102 0.999950647 96.418060303
0.999861538 0.012319300 0.011186415 -1.509196758 -0.012361990 0.999916494 0.003755164 7.384478569 -0.011139221 -0.003892931 0.999930441 96.881660461
0.999871433 0.010946783 0.011714826 -1.468577027 -0.010994910 0.999931335 0.004051849 7.417900562 -0.011669666 -0.004180132 0.999923170 97.261222839
0.999858379 0.011215126 0.012545246 -1.443022609 -0.011270256 0.999927104 0.004332327 7.447742939 -0.012495744 -0.004473101 0.999911904 97.706436157
0.999825239 0.011990882 0.014338117 -1.452095747 -0.012056033 0.999917328 0.004466156 7.486172199 -0.014283379 -0.004638237 0.999887168 98.119407654
0.999824047 0.011340535 0.014941798 -1.414558768 -0.011412923 0.999923527 0.004768171 7.515976906 -0.014886579 -0.004937861 0.999876916 98.608940125
0.999797046 0.011378547 0.016624579 -1.428523898 -0.011456092 0.999923944 0.004576657 7.545515060 -0.016571237 -0.004766180 0.999851227 99.013893127
0.999777913 0.011107109 0.017909097 -1.415450096 -0.011186631 0.999927998 0.004346194 7.573452950 -0.017859533 -0.004545571 0.999830127 99.437126160
0.999769330 0.010792406 0.018569753 -1.380640984 -0.010869362 0.999932706 0.004048168 7.610973835 -0.018524818 -0.004249074 0.999819398 99.935737610
0.999753296 0.010560137 0.019539231 -1.362755060 -0.010641472 0.999935091 0.004063423 7.644910812 -0.019495055 -0.004270347 0.999800861 100.404884338
0.999733150 0.010334547 0.020660983 -1.345410585 -0.010428157 0.999935806 0.004428185 7.683908939 -0.020613898 -0.004642459 0.999776781 100.895103455
0.999731004 0.009014767 0.021370657 -1.331583977 -0.009116163 0.999947608 0.004652050 7.716376781 -0.021327600 -0.004845618 0.999760866 101.278785706
0.999698699 0.009563742 0.022612615 -1.313798904 -0.009668495 0.999943018 0.004527641 7.760245323 -0.022568019 -0.004744906 0.999734044 101.674057007
0.999669075 0.009799568 0.023786070 -1.309999228 -0.009907978 0.999940991 0.004444063 7.786303520 -0.023741119 -0.004678264 0.999707162 102.108535767
0.999642968 0.010051661 0.024761444 -1.292501211 -0.010161168 0.999939203 0.004300626 7.813011646 -0.024716709 -0.004550696 0.999684155 102.550483704
0.999630094 0.009756566 0.025385924 -1.248393059 -0.009865774 0.999942601 0.004180241 7.870170593 -0.025343681 -0.004429147 0.999668956 102.969955444
0.999596238 0.010677532 0.026331246 -1.247453451 -0.010786060 0.999933898 0.003983103 7.905816078 -0.026286978 -0.004265505 0.999645293 103.410095215
0.999577045 0.010419144 0.027150545 -1.241847277 -0.010544383 0.999934435 0.004473647 7.920630932 -0.027102156 -0.004758041 0.999621332 103.786399841
0.999573946 0.010115460 0.027380766 -1.194531202 -0.010239568 0.999937952 0.004396217 7.956598282 -0.027334599 -0.004674711 0.999615431 104.322967529
0.999541998 0.011455875 0.028010607 -1.184040070 -0.011581026 0.999923587 0.004309806 8.008572578 -0.027959095 -0.004632222 0.999598324 104.740676880
0.999540031 0.010946688 0.028282626 -1.193655968 -0.011076818 0.999928713 0.004448493 8.040218353 -0.028231909 -0.004759728 0.999590099 105.087623596
0.999531209 0.010640031 0.028709205 -1.156736612 -0.010781462 0.999930441 0.004776037 8.059045792 -0.028656386 -0.005083324 0.999576390 105.493751526
0.999535084 0.010569762 0.028597973 -1.098134041 -0.010717303 0.999929965 0.005010783 8.081360817 -0.028543010 -0.005314945 0.999578476 105.962898254
0.999520957 0.009829367 0.029351616 -1.108070612 -0.009968811 0.999939620 0.004608262 8.135341644 -0.029304557 -0.004898656 0.999558508 106.423439026
0.999509573 0.008909571 0.030021070 -1.133000851 -0.009058306 0.999947309 0.004822067 8.148165703 -0.029976528 -0.005091644 0.999537647 106.721893311
0.999498248 0.009224006 0.030304283 -1.089531422 -0.009360834 0.999946535 0.004376331 8.200039864 -0.030262303 -0.004657809 0.999531150 107.256141663
0.999507546 0.009382284 0.029943395 -1.049196005 -0.009514649 0.999945581 0.004281090 8.241504669 -0.029901598 -0.004563882 0.999542356 107.685874939
0.999492168 0.009751257 0.030337807 -1.075127602 -0.009880360 0.999942780 0.004108525 8.275017738 -0.030296007 -0.004406186 0.999531209 108.040878296
0.999474049 0.010733626 0.030597230 -1.051406860 -0.010874019 0.999931097 0.004425746 8.314746857 -0.030547619 -0.004756133 0.999521971 108.452140808
0.999497890 0.009847188 0.030115515 -0.989977121 -0.009987261 0.999939978 0.004504309 8.344703674 -0.030069349 -0.004802818 0.999536395 108.928619385
0.999504864 0.009861614 0.029879076 -0.986888885 -0.009978604 0.999943018 0.003768831 8.411665916 -0.029840210 -0.004065117 0.999546409 109.335037231
0.999480665 0.010660643 0.030408453 -0.975225925 -0.010812329 0.999929905 0.004828215 8.407697678 -0.030354846 -0.005154494 0.999525905 109.767463684
0.999470949 0.010550834 0.030762797 -0.971554279 -0.010703180 0.999931276 0.004791819 8.429836273 -0.030710123 -0.005118545 0.999515235 110.077201843
0.999471486 0.011268300 0.030490885 -0.922025681 -0.011397497 0.999926805 0.004066827 8.482101440 -0.030442819 -0.004412198 0.999526799 110.601737976
0.999469817 0.012094973 0.030230418 -0.912148952 -0.012218326 0.999917746 0.003899063 8.512602806 -0.030180771 -0.004266362 0.999535382 111.010101318
0.999446392 0.012907261 0.030663669 -0.929132938 -0.013042190 0.999906063 0.004204382 8.527957916 -0.030606521 -0.004601976 0.999520898 111.433845520
0.999466002 0.011992909 0.030400027 -0.873603106 -0.012125118 0.999917805 0.004168290 8.588411331 -0.030347539 -0.004534669 0.999529064 111.835800171
0.999489307 0.011644075 0.029760040 -0.850832701 -0.011789576 0.999919355 0.004718397 8.599009514 -0.029702701 -0.005066846 0.999545932 112.215141296
0.999457598 0.012082729 0.030636197 -0.859787464 -0.012219653 0.999916196 0.004286051 8.668697357 -0.030581845 -0.004658089 0.999521375 112.698020935
0.999480426 0.012404428 0.029750472 -0.817759514 -0.012546268 0.999910772 0.004585698 8.701607704 -0.029690932 -0.004956572 0.999546826 113.139053345
0.999461532 0.013271959 0.030008866 -0.807484865 -0.013434415 0.999896049 0.005218439 8.713901520 -0.029936485 -0.005618781 0.999536037 113.439720154
0.999473214 0.013467344 0.029531386 -0.790634155 -0.013623300 0.999894202 0.005086128 8.751924515 -0.029459767 -0.005485763 0.999550939 113.833038330
0.999454260 0.013869325 0.029981226 -0.793018579 -0.014012001 0.999891400 0.004553952 8.786991119 -0.029914811 -0.004971563 0.999540091 114.245018005
0.999485493 0.012782580 0.029417830 -0.755898476 -0.012936180 0.999903619 0.005036916 8.820821762 -0.029350610 -0.005414878 0.999554515 114.685508728
0.999485552 0.013811212 0.028944958 -0.755039930 -0.013962260 0.999889910 0.005022855 8.846171379 -0.028872401 -0.005424407 0.999568403 115.034858704
0.999500453 0.014222686 0.028225791 -0.732693672 -0.014381640 0.999881864 0.005436485 8.874936104 -0.028145133 -0.005839702 0.999586821 115.508163452
0.999517083 0.013899288 0.027792640 -0.712568283 -0.014060060 0.999885499 0.005597621 8.926380157 -0.027711654 -0.005985683 0.999598026 115.896789551
0.999537826 0.013497310 0.027237402 -0.699809551 -0.013635497 0.999895096 0.004894089 8.988004684 -0.027168486 -0.005263223 0.999616981 116.354721069
0.999562860 0.012361933 0.026856158 -0.691776991 -0.012506808 0.999908090 0.005233266 8.997905731 -0.026788993 -0.005566863 0.999625564 116.727310181
0.999578416 0.011672730 0.026583552 -0.677768469 -0.011826270 0.999914169 0.005625932 9.017577171 -0.026515597 -0.005937945 0.999630749 117.102851868
0.999587476 0.012109663 0.026042426 -0.664754868 -0.012258420 0.999909341 0.005560048 9.035164833 -0.025972739 -0.005876993 0.999645412 117.491699219
0.999591589 0.012666324 0.025616424 -0.657640219 -0.012807148 0.999903738 0.005340846 9.091558456 -0.025546303 -0.005666738 0.999657571 117.901161194
0.999614298 0.012615382 0.024739059 -0.641606092 -0.012739910 0.999906838 0.004882423 9.119178772 -0.024675157 -0.005195714 0.999682128 118.310409546
0.999635339 0.012770379 0.023795299 -0.637579679 -0.012887905 0.999905348 0.004792229 9.159047127 -0.023731852 -0.005097153 0.999705434 118.687049866
0.999658823 0.012377467 0.023000561 -0.618827820 -0.012495640 0.999909341 0.005001193 9.180787086 -0.022936577 -0.005286894 0.999722898 119.043655396
0.999675810 0.011629976 0.022649087 -0.628396749 -0.011744197 0.999918878 0.004916516 9.206690788 -0.022590073 -0.005180917 0.999731362 119.458953857
0.999694586 0.012046388 0.021577299 -0.623914480 -0.012150286 0.999915183 0.004690506 9.240164757 -0.021518964 -0.004951244 0.999756157 119.849906921
0.999697208 0.012090370 0.021431664 -0.623822212 -0.012206694 0.999911368 0.005305159 9.226304054 -0.021365624 -0.005565162 0.999756217 120.160728455
0.999714732 0.012414154 0.020400424 -0.602903605 -0.012505325 0.999912381 0.004347510 9.292941093 -0.020344667 -0.004601383 0.999782443 120.555969238
0.999734521 0.012843908 0.019128202 -0.599308729 -0.012922619 0.999908507 0.003996933 9.324142456 -0.019075114 -0.004243057 0.999809027 120.960464478
0.999752223 0.012324168 0.018532448 -0.596290827 -0.012397925 0.999915719 0.003870185 9.370308876 -0.018483188 -0.004098990 0.999820769 121.342994690
0.999790013 0.011310941 0.017089481 -0.569131851 -0.011397162 0.999922752 0.004956310 9.363492966 -0.017032098 -0.005150042 0.999841630 121.683425903
0.999792993 0.011587757 0.016727172 -0.584637880 -0.011668291 0.999920785 0.004725006 9.400385857 -0.016671095 -0.004919206 0.999848902 122.064773560
0.999800265 0.012263486 0.015780443 -0.598350167 -0.012342433 0.999911726 0.004915118 9.440806389 -0.015718773 -0.005108905 0.999863386 122.372787476
0.999826312 0.011982684 0.014274721 -0.552257538 -0.012064444 0.999911249 0.005655354 9.459337234 -0.014205686 -0.005826588 0.999882102 122.848075867
0.999847174 0.011632727 0.013054373 -0.545883894 -0.011710839 0.999913871 0.005923326 9.492050171 -0.012984343 -0.006075298 0.999897242 123.274230957
0.999850035 0.011736600 0.012736958 -0.537822127 -0.011811261 0.999913394 0.005802475 9.526538849 -0.012667757 -0.005952044 0.999901950 123.595375061
0.999873519 0.011034681 0.011452058 -0.523145080 -0.011104054 0.999920249 0.006011955 9.561567307 -0.011384806 -0.006138359 0.999916375 124.010536194
0.999899030 0.010136950 0.009960179 -0.492745399 -0.010196776 0.999930084 0.005974346 9.604096413 -0.009898921 -0.006075304 0.999932528 124.405395508
0.999900103 0.009881062 0.010102227 -0.534395337 -0.009943085 0.999931931 0.006107901 9.612727165 -0.010041187 -0.006207739 0.999930382 124.717720032
0.999914289 0.009521681 0.009000174 -0.515929818 -0.009578108 0.999934614 0.006247064 9.629972458 -0.008940102 -0.006332732 0.999939978 125.083992004
0.999915659 0.010493863 0.007652153 -0.501475632 -0.010543835 0.999923170 0.006519480 9.646584511 -0.007583150 -0.006599613 0.999949455 125.400421143
0.999927461 0.010000349 0.006717519 -0.505119920 -0.010046338 0.999926090 0.006847450 9.696255684 -0.006648545 -0.006914440 0.999953985 125.824356079
0.999943078 0.008505018 0.006445051 -0.505924106 -0.008557224 0.999930441 0.008116219 9.712852478 -0.006375575 -0.008170909 0.999946296 126.182701111
0.999963045 0.006465081 0.005669414 -0.516128957 -0.006519452 0.999932349 0.009624762 9.719125748 -0.005606807 -0.009661368 0.999937594 126.643486023
0.999965072 0.006610910 0.005114353 -0.508700192 -0.006658288 0.999934554 0.009302525 9.793014526 -0.005052520 -0.009336254 0.999943674 126.989929199
0.999974728 0.005843677 0.004064467 -0.495544314 -0.005883976 0.999932945 0.009974968 9.813088417 -0.004005904 -0.009998632 0.999941945 127.364517212
0.999979436 0.005625230 0.003092648 -0.479792774 -0.005656209 0.999933004 0.010100546 9.844672203 -0.003035624 -0.010117831 0.999944150 127.656524658
0.999986708 0.004592370 0.002306175 -0.476832181 -0.004616047 0.999935567 0.010369091 9.882505417 -0.002258408 -0.010379600 0.999943554 128.089584351
0.999991298 0.003923766 0.001439017 -0.487820983 -0.003938183 0.999940634 0.010156372 9.922920227 -0.001399080 -0.010161949 0.999947429 128.507171631
0.999994338 0.003238882 0.000871332 -0.484223187 -0.003247756 0.999940753 0.010384416 9.950608253 -0.000837647 -0.010387187 0.999945700 128.865692139
0.999995708 0.002910464 0.000310930 -0.474324942 -0.002913630 0.999938250 0.010718859 9.970918655 -0.000279714 -0.010719719 0.999942482 129.197082520
0.999996424 0.002661483 0.000066654 -0.486359328 -0.002662059 0.999934733 0.011104253 9.995453835 -0.000037096 -0.011104391 0.999938309 129.580871582
0.999993622 0.003487264 -0.000687196 -0.485408902 -0.003479821 0.999938309 0.010550198 10.022909164 0.000723945 -0.010547740 0.999944150 129.971908569
0.999988019 0.004646941 -0.001521519 -0.466066897 -0.004631362 0.999938309 0.010087234 10.059309959 0.001568300 -0.010080067 0.999947965 130.253128052
0.999987543 0.004532859 -0.002080637 -0.489578605 -0.004513445 0.999947071 0.009242418 10.090408325 0.002122422 -0.009232915 0.999955118 130.689224243
0.999983490 0.005169221 -0.002496804 -0.501702487 -0.005147093 0.999948084 0.008789011 10.122610092 0.002542106 -0.008776016 0.999958277 131.016983032
0.999980271 0.005222590 -0.003481478 -0.469449043 -0.005192047 0.999948382 0.008724885 10.148342133 0.003526866 -0.008706640 0.999955893 131.305847168
0.999973238 0.006094748 -0.004040852 -0.473451942 -0.006062221 0.999949515 0.008013337 10.182287216 0.004089487 -0.007988627 0.999959767 131.670288086
0.999972820 0.005462534 -0.004957818 -0.458755553 -0.005421428 0.999951065 0.008267056 10.198655128 0.005002735 -0.008239954 0.999953568 132.033660889
0.999965549 0.006288149 -0.005416085 -0.477236003 -0.006247688 0.999952674 0.007455334 10.244120598 0.005462710 -0.007421238 0.999957561 132.365295410
0.999958992 0.006886624 -0.005880977 -0.494192630 -0.006844277 0.999950707 0.007190586 10.267577171 0.005930206 -0.007150039 0.999956906 132.701721191
