1.000000000 0.000000000 0.000000000 0.000000000 0.000000000 1.000000000 0.000000000 0.000000000 0.000000000 0.000000000 1.000000000 0.000000000
1.000000000 -0.000207946 0.000022176 -0.000154012 0.000207947 1.000000000 -0.000044847 -0.000029603 -0.000022166 0.000044852 1.000000000 0.000182613
0.999999940 -0.000186669 -0.000331709 -0.002992617 0.000186691 1.000000000 0.000068085 0.006884477 0.000331697 -0.000068147 0.999999940 0.107479312
0.999999821 -0.000210138 -0.000581941 -0.005409221 0.000210102 1.000000000 -0.000060720 0.012752533 0.000581954 0.000060598 0.999999821 0.148244783
0.999999523 -0.000092200 -0.000963563 -0.003020690 0.000091926 0.999999940 -0.000284226 0.030212166 0.000963589 0.000284137 0.999999523 0.200070888
0.999998987 -0.000252051 -0.001401147 -0.000024612 0.000251966 0.999999940 -0.000060747 0.028087705 0.001401163 0.000060394 0.999999046 0.245222032
0.999998450 -0.000154439 -0.001754799 -0.005759336 0.000154188 1.000000000 -0.000143236 0.035553973 0.001754821 0.000142966 0.999998450 0.303489000
0.999997914 0.000145712 -0.002034833 -0.009090880 -0.000146119 0.999999940 -0.000199479 0.041374527 0.002034804 0.000199776 0.999997914 0.340415984
0.999997139 0.000245893 -0.002388847 -0.013467722 -0.000246779 0.999999881 -0.000370697 0.052507754 0.002388756 0.000371286 0.999997079 0.397215515
0.999995649 0.000191590 -0.002945250 -0.006190429 -0.000192883 0.999999881 -0.000438695 0.047665607 0.002945166 0.000439262 0.999995589 0.437695533
0.999994993 0.000277612 -0.003151609 -0.017636057 -0.000279028 0.999999881 -0.000448864 0.044874582 0.003151484 0.000449741 0.999994934 0.481282324
0.999993563 0.000409644 -0.003569200 -0.020532135 -0.000411561 0.999999762 -0.000536425 0.051048264 0.003568980 0.000537890 0.999993503 0.533627868
0.999992311 0.000602450 -0.003875614 -0.029883325 -0.000605673 0.999999464 -0.000830302 0.060687806 0.003875112 0.000832643 0.999992132 0.579224944
0.999990165 0.000633144 -0.004395404 -0.032947786 -0.000636358 0.999999523 -0.000729896 0.057342008 0.004394940 0.000732686 0.999990046 0.645822346
0.999987900 0.000556139 -0.004890966 -0.031629175 -0.000559695 0.999999583 -0.000725619 0.060785394 0.004890560 0.000728347 0.999987781 0.692847729
0.999985635 0.000794630 -0.005298590 -0.040769599 -0.000798988 0.999999344 -0.000820467 0.057429470 0.005297935 0.000824689 0.999985635 0.709187686
0.999982595 0.000515899 -0.005877028 -0.035335306 -0.000521376 0.999999404 -0.000930437 0.063346207 0.005876544 0.000933485 0.999982297 0.790202916
0.999978065 0.000765675 -0.006579443 -0.030473260 -0.000773028 0.999999106 -0.001115002 0.071222559 0.006578584 0.001120064 0.999977708 0.863307476
0.999974191 0.000539839 -0.007163106 -0.031847581 -0.000548255 0.999999166 -0.001173003 0.070811614 0.007162466 0.001176900 0.999973655 0.926589966
0.999972284 0.000752126 -0.007405169 -0.053554840 -0.000764296 0.999998391 -0.001640730 0.077399738 0.007403923 0.001646345 0.999971211 0.997096837
0.999967277 0.000740569 -0.008052981 -0.046763264 -0.000756831 0.999997675 -0.002016506 0.084781677 0.008051469 0.002022535 0.999965549 1.045768976
0.999964952 0.000900556 -0.008324701 -0.065209091 -0.000918848 0.999997199 -0.002193717 0.083701454 0.008322702 0.002201289 0.999962926 1.063862920
0.999961019 0.000862635 -0.008787926 -0.078752056 -0.000883311 0.999996841 -0.002349241 0.083040304 0.008785872 0.002356912 0.999958634 1.125308037
0.999952018 0.001298806 -0.009706602 -0.070456922 -0.001324392 0.999995649 -0.002629891 0.091978535 0.009703143 0.002642620 0.999949455 1.224983692
0.999949872 0.000940098 -0.009965740 -0.082245037 -0.000967507 0.999995768 -0.002745893 0.081966572 0.009963117 0.002755397 0.999946594 1.255282044
0.999943197 0.000937262 -0.010616831 -0.099764019 -0.000974757 0.999993324 -0.003527092 0.102938153 0.010613454 0.003537241 0.999937415 1.330651402
0.999937892 0.000260912 -0.011140211 -0.106093809 -0.000301200 0.999993443 -0.003614966 0.101449810 0.011139195 0.003618097 0.999931395 1.421151638
0.999928176 0.000418533 -0.011980072 -0.102589980 -0.000467993 0.999991357 -0.004126024 0.107836150 0.011978242 0.004131334 0.999919713 1.503023386
0.999926507 0.000736230 -0.012102301 -0.125438556 -0.000790654 0.999989569 -0.004492856 0.088521585 0.012098867 0.004502095 0.999916673 1.410137534
0.999912322 -0.000387952 -0.013238060 -0.117769077 0.000328367 0.999989808 -0.004502867 0.093317896 0.013239671 0.004498125 0.999902248 1.591586828
0.999907494 -0.000221678 -0.013599718 -0.129657835 0.000155655 0.999988198 -0.004855600 0.103504591 0.013600633 0.004853034 0.999895751 1.684712410
0.999896884 -0.000501751 -0.014350897 -0.128104106 0.000429708 0.999987304 -0.005022726 0.111859471 0.014353234 0.005016041 0.999884427 1.803316832
0.999880672 -0.001506341 -0.015369373 -0.119936228 0.001433220 0.999987602 -0.004767489 0.126099572 0.015376361 0.004744893 0.999870539 1.931224465
0.999870420 -0.001848809 -0.015985969 -0.132542297 0.001771552 0.999986708 -0.004845591 0.145308033 0.015994715 0.004816645 0.999860525 2.054532766
0.999858856 -0.000868894 -0.016774604 -0.146792948 0.000778073 0.999984980 -0.005419997 0.170718119 0.016779061 0.005406182 0.999844611 2.189373970
0.999831855 -0.001940049 -0.018228306 -0.122913077 0.001853815 0.999987066 -0.004746464 0.161388487 0.018237274 0.004711874 0.999822557 2.338097811
0.999818504 -0.001331062 -0.018997546 -0.134995744 0.001238121 0.999987185 -0.004903157 0.175829455 0.019003829 0.004878746 0.999807477 2.446049452
0.999795139 -0.001431438 -0.020185115 -0.133599848 0.001331433 0.999986827 -0.004966951 0.179552004 0.020191956 0.004939059 0.999783874 2.574772120
0.999779940 -0.001139707 -0.020944526 -0.163216159 0.001034835 0.999986887 -0.005017261 0.177435860 0.020949967 0.004994482 0.999768078 2.664955378
0.999760985 -0.000694987 -0.021850776 -0.170048863 0.000580543 0.999986053 -0.005243416 0.197076738 0.021854116 0.005229478 0.999747515 2.810917377
0.999742985 -0.000817653 -0.022657413 -0.177237779 0.000698170 0.999985814 -0.005280890 0.208924890 0.022661412 0.005263714 0.999729395 2.963114738
0.999722898 -0.001030547 -0.023520473 -0.177027613 0.000908639 0.999986112 -0.005193187 0.215943336 0.023525501 0.005170377 0.999709904 3.106117010
0.999706566 -0.000972528 -0.024202971 -0.194392160 0.000846353 0.999985933 -0.005222898 0.225118160 0.024207707 0.005200882 0.999693453 3.262649775
0.999690592 -0.001130538 -0.024847131 -0.201204270 0.000998931 0.999985397 -0.005308450 0.241527975 0.024852769 0.005281987 0.999677181 3.415726662
0.999672055 -0.001441228 -0.025566261 -0.209197491 0.001306380 0.999985278 -0.005290344 0.242131948 0.025573505 0.005255211 0.999659121 3.540174961
0.999653041 -0.001694949 -0.026285628 -0.211540729 0.001551404 0.999983788 -0.005480391 0.257880598 0.026294488 0.005437710 0.999639392 3.698341370
0.999627590 -0.001892542 -0.027223770 -0.210132882 0.001740799 0.999982715 -0.005596556 0.271001667 0.027233895 0.005547081 0.999613702 3.872688770
0.999610245 -0.001821623 -0.027859600 -0.226255447 0.001665086 0.999982715 -0.005640949 0.282136410 0.027869392 0.005592361 0.999595881 4.048074722
0.999593496 -0.001715424 -0.028459417 -0.234347373 0.001545856 0.999980867 -0.005979152 0.306535929 0.028469130 0.005932727 0.999577045 4.230899334
0.999572396 -0.002163457 -0.029157441 -0.235632151 0.001990208 0.999980271 -0.005969528 0.317986488 0.029169777 0.005908947 0.999557018 4.411084175
0.999560773 -0.001914530 -0.029572561 -0.253156841 0.001730540 0.999979019 -0.006245976 0.336733639 0.029583894 0.006192057 0.999543130 4.575662136
0.999544799 -0.001868529 -0.030112144 -0.268944502 0.001675916 0.999977887 -0.006420535 0.349581897 0.030123485 0.006367146 0.999525905 4.774567604
0.999516368 -0.002773515 -0.030972593 -0.266817570 0.002587151 0.999978304 -0.006055525 0.349490762 0.030988716 0.005972467 0.999501884 4.912546158
0.999497473 -0.002594096 -0.031591136 -0.280979335 0.002399720 0.999978006 -0.006189228 0.360600889 0.031606492 0.006110309 0.999481678 5.091301441
0.999467552 -0.002347372 -0.032541953 -0.281233877 0.002147545 0.999978602 -0.006174185 0.382188350 0.032555748 0.006101013 0.999451280 5.320029259
0.999444067 -0.001917789 -0.033283275 -0.293839633 0.001711345 0.999979138 -0.006230003 0.399771124 0.033294532 0.006169582 0.999426544 5.515143871
0.999430001 -0.001301321 -0.033734214 -0.320080906 0.001085164 0.999978781 -0.006425170 0.412274063 0.033741854 0.006384900 0.999410212 5.709471226
0.999401331 -0.001424797 -0.034568183 -0.327725857 0.001197773 0.999977529 -0.006587232 0.427205354 0.034576796 0.006541884 0.999380648 5.940008163
0.999373853 -0.001399627 -0.035352182 -0.327579260 0.001163591 0.999976873 -0.006696390 0.439897954 0.035360742 0.006651063 0.999352396 6.108328342
0.999347091 -0.001571008 -0.036096092 -0.334028363 0.001333541 0.999977350 -0.006601887 0.453087628 0.036105640 0.006549442 0.999326468 6.331832409
0.999319792 -0.001951956 -0.036826998 -0.335072398 0.001709545 0.999976635 -0.006612762 0.478314191 0.036839046 0.006545307 0.999299765 6.566665649
0.999296188 -0.001948095 -0.037460428 -0.352485061 0.001707193 0.999977648 -0.006461754 0.500687540 0.037472174 0.006393253 0.999277234 6.796468735
0.999281406 -0.002022589 -0.037850313 -0.376841903 0.001782073 0.999978006 -0.006387061 0.518119335 0.037862401 0.006315020 0.999262989 7.029029369
0.999263883 -0.001565372 -0.038330715 -0.388720870 0.001323961 0.999979138 -0.006322694 0.542731524 0.038339812 0.006267291 0.999245048 7.265165329
0.999244630 -0.002255719 -0.038795762 -0.398830056 0.002018609 0.999979019 -0.006149837 0.551996052 0.038808823 0.006066879 0.999228239 7.470943451
0.999224961 -0.002012668 -0.039311752 -0.409959555 0.001760173 0.999977589 -0.006456445 0.554974020 0.039323863 0.006382247 0.999206066 7.670479298
0.999212384 -0.001946134 -0.039631885 -0.431973815 0.001682740 0.999976277 -0.006678283 0.568272173 0.039643947 0.006606334 0.999192059 7.916254044
0.999176621 -0.002203788 -0.040512118 -0.421718836 0.001908355 0.999971330 -0.007329690 0.595813155 0.040527113 0.007246344 0.999152124 8.169195175
0.999152064 -0.002240587 -0.041110840 -0.424435675 0.001921700 0.999967813 -0.007794665 0.615754128 0.041126978 0.007709053 0.999124169 8.396563530
0.999122143 -0.002232195 -0.041831240 -0.447609872 0.001896693 0.999965668 -0.008058355 0.634154856 0.041847792 0.007971941 0.999092162 8.709674835
0.999091983 -0.002573525 -0.042526096 -0.463194579 0.002220838 0.999962866 -0.008338569 0.643681467 0.042545974 0.008236556 0.999060571 8.908185005
0.999069154 -0.002391028 -0.043072246 -0.476047128 0.002029296 0.999962330 -0.008440030 0.673366785 0.043090805 0.008344767 0.999036252 9.189809799
0.999042094 -0.002218673 -0.043704577 -0.483063638 0.001866615 0.999965429 -0.008094564 0.693671584 0.043721031 0.008005229 0.999011755 9.451777458
0.999012411 -0.002472447 -0.044363771 -0.493207246 0.002132660 0.999967992 -0.007704817 0.714617491 0.044381402 0.007602595 0.998985708 9.710535049
0.998981833 -0.002786978 -0.045028020 -0.505284071 0.002457025 0.999969721 -0.007381414 0.734994352 0.045047227 0.007263264 0.998958468 9.987590790
0.998957276 -0.002700079 -0.045578133 -0.528581977 0.002382069 0.999972463 -0.007030105 0.749172509 0.045595862 0.006914204 0.998936057 10.260790825
0.998957574 -0.001819560 -0.045612846 -0.558186889 0.001506011 0.999975026 -0.006907550 0.780667603 0.045624267 0.006831656 0.998935342 10.605026245
0.998930693 -0.001791602 -0.046199776 -0.558453560 0.001481094 0.999976158 -0.006754332 0.796599865 0.046210773 0.006678682 0.998909414 10.872357368
0.998915493 -0.001592479 -0.046533544 -0.563209772 0.001276360 0.999975979 -0.006822274 0.806618154 0.046543285 0.006755481 0.998893440 11.127694130
0.998905003 -0.002139702 -0.046737146 -0.583084881 0.001829509 0.999976099 -0.006678741 0.835596979 0.046750318 0.006585922 0.998884857 11.422363281
0.998905003 -0.002139761 -0.046737257 -0.601182699 0.001837331 0.999977112 -0.006512845 0.847115457 0.046750125 0.006419842 0.998885989 11.661041260
0.998889148 -0.001993698 -0.047079351 -0.622740805 0.001701520 0.999979138 -0.006245345 0.876949191 0.047090814 0.006158302 0.998871624 11.998189926
0.998856306 -0.002262209 -0.047759656 -0.633756399 0.001978861 0.999980152 -0.005979234 0.891326427 0.047772232 0.005877885 0.998840988 12.279446602
0.998851001 -0.002311713 -0.047867652 -0.646985173 0.002028607 0.999980152 -0.005962090 0.920319200 0.047880486 0.005858134 0.998835862 12.602661133
0.998821080 -0.003231406 -0.048436470 -0.635144353 0.002962365 0.999979794 -0.005625260 0.935213506 0.048453670 0.005475142 0.998810470 12.938799858
0.998814762 -0.002716610 -0.048597109 -0.656291902 0.002410314 0.999976814 -0.006360246 0.968180895 0.048613269 0.006235573 0.998798251 13.239870071
0.998813331 -0.002389134 -0.048641901 -0.687850118 0.002053546 0.999973714 -0.006947955 0.988722563 0.048657220 0.006839822 0.998792171 13.545937538
0.998820424 -0.002304921 -0.048501749 -0.716258943 0.001950380 0.999971032 -0.007355920 1.011798859 0.048517294 0.007252647 0.998796046 13.869593620
0.998815238 -0.002592586 -0.048592437 -0.718188763 0.002218535 0.999967456 -0.007750071 1.029343843 0.048610941 0.007633085 0.998788595 14.159101486
0.998798251 -0.003211312 -0.048905462 -0.708371758 0.002822704 0.999963939 -0.008013082 1.073064089 0.048929427 0.007865406 0.998771191 14.525660515
0.998804867 -0.002416239 -0.048816446 -0.744869292 0.002025979 0.999965549 -0.008042331 1.106644154 0.048834201 0.007933818 0.998775363 14.856468201
0.998792410 -0.002191746 -0.049079631 -0.769114733 0.001811709 0.999968052 -0.007786415 1.117242694 0.049095131 0.007688096 0.998764515 15.142159462
0.998768747 -0.002576354 -0.049542047 -0.782693386 0.002195731 0.999967694 -0.007735728 1.174931526 0.049560376 0.007617421 0.998742104 15.530468941
0.998753607 -0.002785350 -0.049834020 -0.786645830 0.002441159 0.999972701 -0.006966296 1.165162325 0.049852066 0.006835959 0.998733282 15.854066849
0.998742521 -0.003041883 -0.050041504 -0.816344142 0.002698846 0.999972403 -0.006921192 1.197036743 0.050061174 0.006777434 0.998723149 16.198799133
0.998737693 -0.002930659 -0.050144095 -0.823102534 0.002604806 0.999975085 -0.006562440 1.196519375 0.050162084 0.006423540 0.998720407 16.475652695
0.998736441 -0.002185386 -0.050207023 -0.838112831 0.001843452 0.999974787 -0.006855796 1.240264773 0.050220750 0.006754578 0.998715281 16.849605560
0.998716652 -0.001804589 -0.050615393 -0.849398971 0.001471076 0.999976933 -0.006625640 1.262394667 0.050626181 0.006542678 0.998696208 17.188268661
0.998708904 -0.001097185 -0.050786342 -0.870897412 0.000749783 0.999976218 -0.006859013 1.315420747 0.050792664 0.006812079 0.998685896 17.571813583
0.998706639 -0.000867777 -0.050835159 -0.889782906 0.000562071 0.999981642 -0.006027680 1.316005349 0.050839454 0.005991311 0.998688877 17.876541138
0.998680830 -0.000938256 -0.051339835 -0.885277689 0.000634731 0.999982178 -0.005928083 1.350981951 0.051344480 0.005887675 0.998663664 18.186992645
0.998654902 -0.001384301 -0.051830668 -0.899065375 0.001136772 0.999987900 -0.004804895 1.342510462 0.051836688 0.004739513 0.998644292 18.561347961
0.998638809 -0.000588358 -0.052157879 -0.945353985 0.000338816 0.999988437 -0.004793064 1.395694852 0.052160107 0.004768868 0.998627365 18.905923843
0.998619378 0.000215781 -0.052529588 -0.931733012 -0.000436569 0.999991059 -0.004191665 1.403671265 0.052528221 0.004208811 0.998610616 19.320262909
0.998608589 0.001334779 -0.052717265 -0.934642255 -0.001578701 0.999988258 -0.004585617 1.474660277 0.052710526 0.004662462 0.998598993 19.710605621
0.998583794 0.002487950 -0.053142991 -0.952329099 -0.002738682 0.999985397 -0.004645752 1.485036731 0.053130660 0.004784716 0.998576105 20.119312286
0.998621643 0.002918283 -0.052404907 -0.988556921 -0.003147402 0.999985814 -0.004290089 1.506123900 0.052391656 0.004449115 0.998616755 20.360401154
0.998617947 0.002297024 -0.052504394 -0.984316111 -0.002524599 0.999987662 -0.004268488 1.530990124 0.052493956 0.004395142 0.998611629 20.710868835
0.998628736 0.002106130 -0.052308973 -0.980285764 -0.002310851 0.999989867 -0.003853528 1.553506494 0.052300338 0.003969122 0.998623490 21.086252213
0.998637378 0.002238887 -0.052138388 -1.049833894 -0.002474838 0.999987006 -0.004461352 1.593039989 0.052127723 0.004584308 0.998629928 21.511997223
0.998643756 0.002894762 -0.051982608 -1.060445070 -0.003129439 0.999985337 -0.004433706 1.614291906 0.051969007 0.004590370 0.998638213 21.875837326
0.998643160 0.002463377 -0.052018277 -1.037365675 -0.002694587 0.999986768 -0.004375117 1.674732089 0.052006822 0.004509349 0.998636603 22.343904495
0.998670578 0.002899226 -0.051467061 -1.070374966 -0.003121752 0.999986112 -0.004243801 1.704817891 0.051454052 0.004398827 0.998665690 22.715047836
0.998694420 0.002589550 -0.051016737 -1.071738005 -0.002796145 0.999988139 -0.003978603 1.731796741 0.051005829 0.004116059 0.998689830 23.028856277
0.998709083 0.002136872 -0.050750796 -1.083548665 -0.002311467 0.999991715 -0.003381809 1.749421358 0.050743148 0.003494753 0.998705626 23.412069321
0.998724639 0.002445484 -0.050427377 -1.131318092 -0.002620267 0.999990821 -0.003400209 1.777436852 0.050418589 0.003528006 0.998721957 23.852001190
0.998737812 0.002615443 -0.050158989 -1.162428737 -0.002785876 0.999990582 -0.003328250 1.804044247 0.050149813 0.003463786 0.998735666 24.276653290
0.998731732 0.002713251 -0.050275311 -1.158571839 -0.002881905 0.999990523 -0.003282424 1.830860376 0.050265919 0.003423149 0.998730004 24.700998306
0.998739004 0.002384825 -0.050145928 -1.146788955 -0.002560514 0.999990821 -0.003439611 1.866012812 0.050137263 0.003563673 0.998735964 25.068832397
0.998755634 0.002220707 -0.049821336 -1.172305346 -0.002404083 0.999990642 -0.003621065 1.897628069 0.049812820 0.003736334 0.998751640 25.424146652
0.998779058 0.001925487 -0.049360834 -1.191403151 -0.002120084 0.999990225 -0.003890294 1.916980267 0.049352862 0.003990194 0.998773515 25.796758652
0.998802185 0.001871873 -0.048894212 -1.215262294 -0.002067882 0.999989986 -0.003958553 1.938858032 0.048886310 0.004054919 0.998796105 26.262556076
0.998812675 0.001254888 -0.048700199 -1.220032811 -0.001468613 0.999989450 -0.004353037 1.982380629 0.048694219 0.004419390 0.998803973 26.715312958
0.998855889 0.001368602 -0.047800418 -1.255655885 -0.001563797 0.999990702 -0.004046384 1.995891571 0.047794431 0.004116505 0.998848677 27.103836060
0.998879790 0.001386994 -0.047298346 -1.258400798 -0.001595902 0.999989152 -0.004379331 2.054332018 0.047291752 0.004449909 0.998871207 27.529033661
0.998901904 0.002733990 -0.046769463 -1.276891232 -0.002935745 0.999986708 -0.004245671 2.079677105 0.046757229 0.004378312 0.998896658 27.908987045
0.998917758 0.002630195 -0.046437278 -1.272846818 -0.002841248 0.999985933 -0.004479476 2.123558044 0.046424847 0.004606568 0.998911202 28.342233658
0.998927295 0.004022136 -0.046132304 -1.287845016 -0.004231501 0.999981225 -0.004441587 2.148431778 0.046113584 0.004632032 0.998925447 28.723995209
0.998937488 0.004660785 -0.045850120 -1.331036568 -0.004861840 0.999979019 -0.004274512 2.170641661 0.045829240 0.004492886 0.998939157 29.130996704
0.998947442 0.005630513 -0.045521781 -1.370767474 -0.005875068 0.999969006 -0.005240268 2.222528458 0.045490872 0.005502197 0.998949587 29.597713470
0.998946309 0.005797793 -0.045526665 -1.375783205 -0.006042858 0.999967933 -0.005247090 2.257266998 0.045494787 0.005516673 0.998949349 30.074104309
0.998967648 0.005417460 -0.045104697 -1.386706829 -0.005693722 0.999965847 -0.005998652 2.301483154 0.045070659 0.006249273 0.998964310 30.450180054
0.998972774 0.005943512 -0.044921409 -1.408226013 -0.006219212 0.999962687 -0.006000105 2.301572323 0.044884074 0.006273318 0.998972476 30.857337952
0.998987973 0.005947453 -0.044581480 -1.415905714 -0.006217755 0.999963164 -0.005926914 2.335903883 0.044544596 0.006198114 0.998988092 31.230554581
0.998991907 0.006037464 -0.044483460 -1.403623581 -0.006335014 0.999958515 -0.006551052 2.376097441 0.044442065 0.006826251 0.998988569 31.648647308
0.999006629 0.007380768 -0.043944374 -1.455128431 -0.007656287 0.999952078 -0.006104765 2.389157772 0.043897215 0.006435152 0.999015331 32.168865204
0.999039829 0.007033098 -0.043241158 -1.456812382 -0.007303650 0.999954760 -0.006102020 2.435480595 0.043196287 0.006411979 0.999046028 32.577304840
0.999072194 0.005989918 -0.042647179 -1.475722551 -0.006242926 0.999963701 -0.005801880 2.471639872 0.042610884 0.006062740 0.999073327 33.010410309
0.999094188 0.006349317 -0.042076286 -1.492019057 -0.006570813 0.999965250 -0.005127940 2.519752979 0.042042270 0.005399771 0.999101281 33.522975922
0.999093473 0.005531556 -0.042209968 -1.497889161 -0.005726375 0.999973476 -0.004495966 2.541871786 0.042183977 0.004733600 0.999098659 33.913429260
0.999107540 0.005877318 -0.041826800 -1.499724865 -0.006047177 0.999973953 -0.003935652 2.589097261 0.041802574 0.004185074 0.999117136 34.399616241
0.999115467 0.005110889 -0.041740149 -1.485638857 -0.005254220 0.999980688 -0.003324929 2.629456282 0.041722335 0.003541300 0.999122918 34.848999023
0.999130726 0.004465281 -0.041447487 -1.499233007 -0.004600159 0.999984384 -0.003159373 2.653623104 0.041432735 0.003347292 0.999135673 35.339065552
0.999155402 0.003475504 -0.040944412 -1.491028666 -0.003600276 0.999989092 -0.002973997 2.683783531 0.040933624 0.003118895 0.999157071 35.685287476
0.999184966 0.003883879 -0.040178828 -1.567125797 -0.004019327 0.999986529 -0.003290894 2.687365055 0.040165499 0.003449703 0.999187112 36.116359711
0.999197662 0.003233121 -0.039919466 -1.551485658 -0.003384117 0.999987483 -0.003715514 2.746735096 0.039906945 0.003847625 0.999196053 36.632854462
0.999212086 0.002862311 -0.039584938 -1.540324807 -0.003020712 0.999987662 -0.003942315 2.786367893 0.039573155 0.004058782 0.999208510 37.141796112
0.999229968 0.003023581 -0.039119035 -1.540435553 -0.003198497 0.999985158 -0.004409546 2.818119287 0.039105121 0.004531273 0.999224842 37.516628265
0.999262452 0.003635091 -0.038228337 -1.584446430 -0.003796178 0.999984205 -0.004142029 2.821159601 0.038212679 0.004284095 0.999260485 37.814506531
0.999277353 0.004180730 -0.037779476 -1.601231456 -0.004344722 0.999981403 -0.004259703 2.857624531 0.037760966 0.004420766 0.999277115 38.372333527
0.999287963 0.004479532 -0.037463620 -1.585582256 -0.004630121 0.999981523 -0.003933826 2.899560452 0.037445311 0.004104487 0.999290287 38.838306427
0.999313772 0.005396592 -0.036645725 -1.606833100 -0.005543905 0.999976933 -0.003919507 2.944202900 0.036623735 0.004119978 0.999320567 39.297187805
0.999331951 0.005835029 -0.036077842 -1.625337005 -0.005969441 0.999975622 -0.003619036 2.967342615 0.036055837 0.003831982 0.999342442 39.670467377
0.999348998 0.006326636 -0.035518713 -1.671746850 -0.006448745 0.999973655 -0.003324358 2.994680166 0.035496756 0.003551245 0.999363482 40.104419708
0.999357700 0.006560135 -0.035233617 -1.680286884 -0.006685167 0.999971747 -0.003432020 3.043987513 0.035210114 0.003665359 0.999373198 40.657970428
0.999370933 0.006224028 -0.034915533 -1.658877254 -0.006331856 0.999975502 -0.002978527 3.095917463 0.034896139 0.003197733 0.999385774 41.142982483
0.999376416 0.005979707 -0.034800380 -1.679934502 -0.006083109 0.999977350 -0.002866152 3.109435797 0.034782451 0.003076060 0.999390125 41.573150635
0.999392331 0.005887188 -0.034354772 -1.687357068 -0.005988728 0.999978006 -0.002853500 3.153668404 0.034337215 0.003057507 0.999405563 42.018432617
0.999413729 0.005308396 -0.033823598 -1.680176258 -0.005405677 0.999981523 -0.002785320 3.183338881 0.033808187 0.002966526 0.999423921 42.400703430
0.999439240 0.005301434 -0.033063717 -1.698791742 -0.005391062 0.999982059 -0.002622179 3.228867292 0.033049218 0.002798957 0.999449790 42.893882751
0.999451160 0.004747191 -0.032784138 -1.695278406 -0.004814624 0.999986410 -0.001978206 3.239839315 0.032774307 0.002134963 0.999460459 43.368892670
0.999477863 0.004824901 -0.031950828 -1.689864516 -0.004879874 0.999986768 -0.001642771 3.269322395 0.031942479 0.001797829 0.999488175 43.844028473
0.999498785 0.003982448 -0.031405434 -1.684183598 -0.004033832 0.999990642 -0.001572964 3.292519808 0.031398885 0.001698860 0.999505401 44.262306213
0.999509275 0.003868035 -0.031083990 -1.678460121 -0.003924052 0.999990821 -0.001741326 3.317701340 0.031076964 0.001862447 0.999515295 44.697166443
0.999536932 0.004243885 -0.030130023 -1.716179371 -0.004316015 0.999988019 -0.002329331 3.373401165 0.030119777 0.002458295 0.999543309 45.152027130
0.999542177 0.004519145 -0.029914320 -1.704296827 -0.004590724 0.999986768 -0.002324540 3.413217545 0.029903417 0.002460805 0.999549806 45.536842346
0.999555945 0.005138172 -0.029350726 -1.741622329 -0.005202623 0.999984205 -0.002119892 3.441001177 0.029339371 0.002271652 0.999566853 46.111248016
0.999565661 0.005262644 -0.028997337 -1.740120649 -0.005317685 0.999984205 -0.001821311 3.492307901 0.028987298 0.001974719 0.999577820 46.630714417
0.999575615 0.005540221 -0.028598281 -1.756615996 -0.005592790 0.999982834 -0.001758500 3.527173042 0.028588045 0.001917698 0.999589384 47.032726288
0.999596179 0.005530509 -0.027873369 -1.765758753 -0.005572132 0.999983430 -0.001415833 3.557436943 0.027865080 0.001570576 0.999610484 47.467193604
0.999602973 0.004380608 -0.027834184 -1.751737714 -0.004415111 0.999989569 -0.001178240 3.583936453 0.027828731 0.001300663 0.999611914 47.880973816
0.999617398 0.004245600 -0.027335119 -1.744466066 -0.004274304 0.999990284 -0.000991698 3.623765230 0.027330646 0.001108157 0.999625802 48.374919891
0.999632955 0.003766747 -0.026827028 -1.766291380 -0.003790512 0.999992430 -0.000835082 3.651004553 0.026823675 0.000936464 0.999639750 48.841430664
0.999645770 0.003381698 -0.026400583 -1.756335974 -0.003399354 0.999994040 -0.000623929 3.684746027 0.026398312 0.000713453 0.999651253 49.349151611
0.999661982 0.004171403 -0.025662061 -1.770371914 -0.004192367 0.999990880 -0.000763230 3.750702143 0.025658643 0.000870557 0.999670446 49.832405090
0.999676347 0.004286705 -0.025077347 -1.771856070 -0.004292170 0.999990761 -0.000164103 3.765482426 0.025076414 0.000271686 0.999685526 50.214302063
0.999692321 0.004481333 -0.024398021 -1.770301461 -0.004482726 0.999989927 -0.000002371 3.781570196 0.024397766 0.000111740 0.999702394 50.631423950
0.999702275 0.005054660 -0.023873437 -1.788633108 -0.005052753 0.999987245 0.000140210 3.811738968 0.023873843 -0.000019542 0.999714971 51.067535400
0.999709606 0.005060039 -0.023561262 -1.799755096 -0.005065529 0.999987066 -0.000173248 3.865970612 0.023560079 0.000292548 0.999722362 51.598865509
0.999713659 0.004755484 -0.023452863 -1.760131598 -0.004758811 0.999988616 -0.000086008 3.915650368 0.023452189 0.000197592 0.999724925 52.057464600
0.999727905 0.005787057 -0.022597298 -1.817420959 -0.005785909 0.999983191 0.000116258 3.966668129 0.022597592 0.000014519 0.999744594 52.523723602
0.999738216 0.004949283 -0.022337794 -1.805217862 -0.004933592 0.999987543 0.000757474 3.980187416 0.022341264 -0.000647070 0.999750197 52.874492645
0.999741673 0.005291023 -0.022102382 -1.795855880 -0.005262758 0.999985278 0.001336853 4.005947113 0.022109130 -0.001220188 0.999754846 53.397735596
0.999760747 0.005074221 -0.021276636 -1.822464943 -0.005046695 0.999986410 0.001347192 4.068288326 0.021283181 -0.001239492 0.999772727 53.896518707
0.999773264 0.005250909 -0.020633582 -1.826530337 -0.005217841 0.999985039 0.001656154 4.098152637 0.020641968 -0.001548116 0.999785781 54.326217651
0.999785423 0.005663308 -0.019927468 -1.832801104 -0.005628845 0.999982595 0.001785125 4.137297153 0.019937232 -0.001672574 0.999799848 54.780395508
0.999794602 0.004785716 -0.019694358 -1.797528267 -0.004746678 0.999986649 0.002028462 4.141214848 0.019703800 -0.001934562 0.999804020 55.199550629
0.999800861 0.004988790 -0.019324355 -1.801527023 -0.004947262 0.999985278 0.002196263 4.170259953 0.019335024 -0.002100223 0.999810874 55.652404785
0.999809384 0.005480654 -0.018738663 -1.801082134 -0.005444498 0.999983251 0.001980009 4.217042446 0.018749194 -0.001877609 0.999822497 56.078033447
0.999811292 0.006507375 -0.018300097 -1.816636086 -0.006470039 0.999976873 0.002098636 4.263298035 0.018313332 -0.001979838 0.999830306 56.607250214
0.999816179 0.006855682 -0.017901760 -1.812754393 -0.006816288 0.999974191 0.002260695 4.292281151 0.017916797 -0.002138256 0.999837160 57.011119843
0.999826670 0.006940562 -0.017273782 -1.830797672 -0.006902799 0.999973655 0.002244789 4.336986542 0.017288910 -0.002125163 0.999848247 57.532268524
0.999832392 0.006612950 -0.017069632 -1.808524728 -0.006579194 0.999976218 0.002032956 4.381707668 0.017082671 -0.001920310 0.999852180 58.023109436
0.999842048 0.006377061 -0.016585005 -1.809105754 -0.006350885 0.999978483 0.001630474 4.433010101 0.016595051 -0.001524887 0.999861121 58.471897125
0.999850512 0.006160643 -0.016155777 -1.807913542 -0.006131572 0.999979436 0.001848377 4.444939613 0.016166832 -0.001749040 0.999867797 58.928913116
0.999860287 0.005753316 -0.015696574 -1.789699316 -0.005726369 0.999982059 0.001761155 4.492076874 0.015706426 -0.001671024 0.999875247 59.429763794
0.999868810 0.006268611 -0.014934375 -1.796902418 -0.006245688 0.999979258 0.001581054 4.557087898 0.014943976 -0.001487571 0.999887228 59.958469391
0.999875784 0.005558555 -0.014740687 -1.754947662 -0.005530272 0.999982774 0.001958755 4.583994389 0.014751323 -0.001876992 0.999889433 60.387680054
0.999891341 0.005872904 -0.013518983 -1.811358452 -0.005842792 0.999980390 0.002265851 4.600290298 0.013532023 -0.002186616 0.999906123 60.757854462
0.999900281 0.005235327 -0.013116258 -1.791387558 -0.005202991 0.999983311 0.002498289 4.629516125 0.013129120 -0.002429796 0.999910772 61.248401642
0.999904156 0.005374935 -0.012761155 -1.762392998 -0.005347268 0.999983251 0.002201258 4.668407440 0.012772774 -0.002132810 0.999916077 61.720584869
0.999909878 0.006056426 -0.011980171 -1.753759384 -0.006036871 0.999980450 0.001667795 4.730723381 0.011990038 -0.001595322 0.999926805 62.218536377
0.999911904 0.005808634 -0.011932064 -1.733145118 -0.005791242 0.999982119 0.001491625 4.757583618 0.011940514 -0.001422392 0.999927700 62.659984589
0.999915481 0.006699852 -0.011136163 -1.789511800 -0.006683812 0.999976516 0.001477026 4.789642811 0.011145799 -0.001402469 0.999936879 63.108505249
0.999925494 0.006638456 -0.010241428 -1.786003351 -0.006623407 0.999976933 0.001502638 4.831555843 0.010251168 -0.001434693 0.999946415 63.630725861
0.999929309 0.005615214 -0.010470909 -1.735595345 -0.005597566 0.999982834 0.001713942 4.869100094 0.010480355 -0.001655210 0.999943674 64.141311646
0.999937356 0.006108321 -0.009382506 -1.767343283 -0.006086860 0.999978781 0.002314297 4.881519794 0.009396443 -0.002257042 0.999953270 64.519966125
0.999943376 0.005955876 -0.008817856 -1.777357340 -0.005936251 0.999979854 0.002250110 4.930715084 0.008831078 -0.002197638 0.999958575 64.993919373
0.999947786 0.005965170 -0.008298409 -1.752721786 -0.005946269 0.999979675 0.002300475 4.981440067 0.008311964 -0.002251010 0.999962926 65.496849060
0.999953508 0.006298589 -0.007305328 -1.760181189 -0.006281786 0.999977589 0.002320764 5.036410809 0.007319782 -0.002274766 0.999970615 66.010551453
0.999952435 0.006987354 -0.006804487 -1.735786796 -0.006973483 0.999973536 0.002060022 5.071894646 0.006818701 -0.002012472 0.999974728 66.451759338
0.999953747 0.007438951 -0.006091896 -1.746748686 -0.007427662 0.999970615 0.001873663 5.100692749 0.006105656 -0.001828328 0.999979615 66.937362671
0.999955237 0.007686228 -0.005517092 -1.724322438 -0.007675904 0.999968708 0.001890055 5.145393372 0.005531447 -0.001847621 0.999982893 67.443229675
0.999956131 0.008082304 -0.004739552 -1.740067959 -0.008073860 0.999965787 0.001798411 5.202878952 0.004753925 -0.001760066 0.999987185 67.937660217
0.999957442 0.008153875 -0.004320730 -1.758138418 -0.008143670 0.999963999 0.002374375 5.210041523 0.004339934 -0.002339087 0.999987841 68.370079041
0.999960244 0.008077784 -0.003759976 -1.745531917 -0.008068624 0.999964476 0.002444979 5.249167919 0.003779592 -0.002414545 0.999989927 68.807380676
0.999966919 0.007324026 -0.003526768 -1.711507320 -0.007314960 0.999970019 0.002576379 5.303001404 0.003545531 -0.002550496 0.999990463 69.315460205
0.999968290 0.007361965 -0.003031353 -1.704983354 -0.007354281 0.999969721 0.002538505 5.322903156 0.003049950 -0.002516132 0.999992192 69.737548828
0.999965489 0.008046627 -0.002048690 -1.726006150 -0.008041798 0.999964893 0.002354746 5.349910259 0.002067566 -0.002338189 0.999995172 70.195007324
0.999964118 0.008402824 -0.001089306 -1.733567595 -0.008400458 0.999962449 0.002159485 5.393938065 0.001107411 -0.002150256 0.999997020 70.675422668
0.999971628 0.007487106 -0.000757905 -1.698426962 -0.007485656 0.999970198 0.001898495 5.432943821 0.000772097 -0.001892768 0.999997914 71.177955627
0.999978840 0.006485519 -0.000454544 -1.661815047 -0.006484879 0.999978065 0.001393423 5.474405766 0.000463571 -0.001390446 0.999998927 71.708595276
0.999973953 0.007218403 0.000268744 -1.654539704 -0.007218714 0.999973357 0.001174889 5.543298244 -0.000260256 -0.001176799 0.999999225 72.244125366
0.999971628 0.007473937 0.000922589 -1.667385697 -0.007475241 0.999971151 0.001417579 5.562590122 -0.000911968 -0.001424435 0.999998629 72.683456421
0.999965787 0.008116676 0.001586934 -1.682743907 -0.008119458 0.999965549 0.001754527 5.591349125 -0.001572638 -0.001767352 0.999997199 73.063713074
0.999962211 0.008296679 0.002573957 -1.682947040 -0.008302444 0.999963045 0.002237190 5.616959095 -0.002555301 -0.002258476 0.999994218 73.471366882
0.999957263 0.008712417 0.003102076 -1.668484807 -0.008719053 0.999959767 0.002131646 5.673856735 -0.003083380 -0.002158602 0.999992967 74.020652771
0.999958754 0.008348889 0.003604466 -1.651381016 -0.008356378 0.999962926 0.002068111 5.701257706 -0.003587065 -0.002098146 0.999991298 74.534027100
0.999950826 0.008983209 0.004216818 -1.650225043 -0.008989088 0.999958575 0.001377271 5.761469841 -0.004204271 -0.001415108 0.999990165 75.050071716
0.999952912 0.008435430 0.004786372 -1.633713007 -0.008441525 0.999963582 0.001254496 5.805219650 -0.004775615 -0.001294841 0.999987721 75.546226501
0.999949634 0.008398537 0.005486051 -1.619883895 -0.008403883 0.999964178 0.000952632 5.829486370 -0.005477854 -0.000998688 0.999984562 75.979446411
0.999940872 0.009031467 0.006053777 -1.615543365 -0.009035918 0.999958813 0.000708080 5.858526230 -0.006047134 -0.000762739 0.999981403 76.427734375
0.999929488 0.009679672 0.006865421 -1.601282358 -0.009684510 0.999952793 0.000671988 5.896865368 -0.006858593 -0.000738428 0.999976218 76.925758362
0.999915123 0.010768266 0.007330406 -1.595528841 -0.010768430 0.999941945 -0.000017259 5.941696167 -0.007330168 -0.000061679 0.999973118 77.440452576
0.999905944 0.011200418 0.007913483 -1.561189771 -0.011200193 0.999937236 -0.000072504 5.983296394 -0.007913800 -0.000016135 0.999968648 77.978927612
0.999897718 0.011384031 0.008646507 -1.543784142 -0.011385633 0.999935150 0.000136009 6.017412186 -0.008644397 -0.000234441 0.999962628 78.505767822
0.999888659 0.011576632 0.009408187 -1.547990918 -0.011580369 0.999932826 0.000342786 6.077067852 -0.009403588 -0.000451698 0.999955654 79.017570496
0.999898016 0.010584352 0.009576079 -1.503082275 -0.010594336 0.999943376 0.000992653 6.108530521 -0.009565029 -0.001094004 0.999953628 79.554763794
0.999888539 0.010753731 0.010353364 -1.529377460 -0.010771565 0.999940515 0.001668418 6.132940769 -0.010334808 -0.001779754 0.999945045 79.862792969
0.999892354 0.010390554 0.010356987 -1.504653692 -0.010413080 0.999943495 0.002123441 6.149542809 -0.010334338 -0.002231060 0.999944091 80.333885193
0.999880433 0.010611112 0.011242472 -1.544286728 -0.010641858 0.999939799 0.002678582 6.135711670 -0.011213372 -0.002797902 0.999933183 80.555198669
0.999872088 0.010591449 0.011977877 -1.489855051 -0.010616686 0.999941528 0.002045325 6.240665913 -0.011955514 -0.002172229 0.999926150 81.334136963
0.999867976 0.010470007 0.012426434 -1.433059573 -0.010491625 0.999943495 0.001675776 6.285180092 -0.012408188 -0.001805927 0.999921381 81.941642761
0.999864161 0.010026651 0.013081160 -1.401648641 -0.010048480 0.999948263 0.001604074 6.309856415 -0.013064398 -0.001735301 0.999913096 82.465293884
0.999858022 0.010037219 0.013532290 -1.400389910 -0.010059562 0.999948204 0.001584075 6.328715324 -0.013515688 -0.001719979 0.999907136 82.897857666
0.999847174 0.010215044 0.014187484 -1.383619905 -0.010243554 0.999945641 0.001938298 6.354035378 -0.014166915 -0.002083332 0.999897480 83.410896301
0.999830365 0.011195202 0.014621569 -1.353044987 -0.011220222 0.999935746 0.001630244 6.450992107 -0.014602378 -0.001794025 0.999891758 83.945892334
0.999807239 0.011619497 0.015825888 -1.386949778 -0.011651530 0.999930382 0.001933540 6.472410679 -0.015802320 -0.002117563 0.999872863 84.395980835
0.999788225 0.011960408 0.016747449 -1.405289054 -0.012007230 0.999924302 0.002698002 6.496458530 -0.016713912 -0.002898521 0.999856055 84.858665466
0.999779463 0.012066088 0.017186392 -1.356959343 -0.012109084 0.999923825 0.002399901 6.558220387 -0.017156128 -0.002607483 0.999849439 85.378623962
0.999773681 0.011990032 0.017574228 -1.326218009 -0.012033615 0.999924779 0.002376259 6.593058109 -0.017544417 -0.002587203 0.999842703 85.835754395
0.999765277 0.011933675 0.018082788 -1.289609551 -0.011967818 0.999926865 0.001781128 6.644715786 -0.018060213 -0.001997122 0.999834955 86.406806946
0.999747574 0.012052312 0.018959383 -1.273940086 -0.012076128 0.999926448 0.001142173 6.683437347 -0.018944226 -0.001370840 0.999819636 86.871345520
0.999753356 0.011405705 0.019054784 -1.211152196 -0.011410677 0.999934912 0.000152194 6.739849091 -0.019051809 -0.000369585 0.999818444 87.408203125
0.999735832 0.011508076 0.019897133 -1.199339509 -0.011500009 0.999933779 -0.000519919 6.749409676 -0.019901799 0.000290965 0.999801874 87.968391418
0.999702513 0.012565566 0.020904789 -1.226141095 -0.012542407 0.999920547 -0.001238519 6.778149128 -0.020918688 0.000975954 0.999780655 88.454757690
0.999691486 0.012616928 0.021395760 -1.203769088 -0.012583020 0.999919295 -0.001718699 6.810800552 -0.021415718 0.001448946 0.999769628 88.904792786
0.999670267 0.012931162 0.022187531 -1.195409417 -0.012888027 0.999914765 -0.002086075 6.878993511 -0.022212612 0.001799434 0.999751627 89.555160522
0.999668717 0.012286324 0.022620128 -1.161834240 -0.012238110 0.999922514 -0.002268665 6.893547058 -0.022646252 0.001991085 0.999741554 90.008178711
0.999656916 0.012206395 0.023174217 -1.132900476 -0.012159372 0.999923646 -0.002169032 6.938250065 -0.023198925 0.001886503 0.999729156 90.425506592
0.999647439 0.012084677 0.023641597 -1.087100983 -0.012010596 0.999922454 -0.003273003 7.022891521 -0.023679316 0.002987900 0.999715209 91.198028564
0.999632835 0.011767907 0.024407651 -1.094790936 -0.011705165 0.999927819 -0.002711772 7.021122932 -0.024437798 0.002425081 0.999698400 91.597686768
0.999599099 0.012460871 0.025425445 -1.091121912 -0.012379783 0.999917805 -0.003344149 7.045900822 -0.025465025 0.003028047 0.999671102 92.018226624
0.999583900 0.013115969 0.025692984 -1.032968044 -0.013035042 0.999909520 -0.003314699 7.077522278 -0.025734136 0.002978411 0.999664366 92.624389648
0.999565363 0.013131930 0.026395548 -1.019582987 -0.013042013 0.999908566 -0.003575761 7.166105747 -0.026440091 0.003229955 0.999645174 93.114929199
0.999546528 0.013341065 0.026998578 -0.978950977 -0.013251740 0.999906063 -0.003484712 7.223773479 -0.027042534 0.003125353 0.999629438 93.704627991
0.999513686 0.014169289 0.027782220 -0.982408285 -0.014098047 0.999896765 -0.002758467 7.262655258 -0.027818438 0.002365451 0.999610186 94.264373779
0.999510825 0.013489692 0.028214861 -0.958751440 -0.013445069 0.999908030 -0.001770620 7.285242558 -0.028236151 0.001390403 0.999600410 94.779594421
